----------------------------------------------------------
---------------Fourier transform methods------------------
----------------------------------------------------------
10 5
10:44:09 MBR:OBJECTID,geometry,xy,longer,lon_len,short_len,lon_arc,short_arc
10:44:09 get_shape_normalize_2:tangent,name,OBJECTID,isT,geometry,lon_len,short_len,lon_arc,short_arc
10:44:09 node_features:OBJECTID,p_num,length,x,y,PID
10:44:09 node_to_polygon
[3 6 7 5 0 4 2 9 1 8]
5000 6
10:44:12 MBR:OBJECTID,geometry,xy,longer,lon_len,short_len,lon_arc,short_arc
10:44:13 get_shape_normalize_2:tangent,name,OBJECTID,isT,valid,geometry,lon_len,short_len,lon_arc,short_arc
10:44:14 node_features:OBJECTID,p_num,length,x,y,PID
10:44:16 node_to_polygon
sum1=500, sum2=500
0.926
sum1=500, sum2=500
0.727
sum1=500, sum2=500
0.702
sum1=500, sum2=500
0.737
sum1=500, sum2=500
0.698
sum1=500, sum2=500
0.794
sum1=500, sum2=500
0.961
sum1=500, sum2=500
0.785
sum1=500, sum2=500
0.781
sum1=500, sum2=500
0.752
NN  = 0.0
FT  = 0.265
ST  = 0.347
DCG = 0.786
0.002 1.0
0.004 0.95
0.006 0.933
0.007 0.925
0.009 0.92
0.011 0.933
0.013 0.929
0.015 0.938
0.017 0.933
0.019 0.94
0.021 0.936
0.022 0.933
0.024 0.923
0.026 0.914
0.028 0.92
0.029 0.919
0.031 0.918
0.033 0.906
0.034 0.895
0.036 0.89
0.037 0.886
0.039 0.877
0.04 0.874
0.042 0.867
0.043 0.852
0.044 0.85
0.045 0.837
0.046 0.829
0.047 0.817
0.048 0.807
0.05 0.8
0.051 0.794
0.052 0.791
0.053 0.785
0.055 0.783
0.055 0.769
0.056 0.762
0.057 0.753
0.058 0.746
0.059 0.738
0.06 0.736
0.062 0.736
0.063 0.728
0.063 0.72
0.065 0.72
0.066 0.717
0.067 0.711
0.068 0.708
0.069 0.708
0.071 0.708
0.072 0.706
0.073 0.7
0.074 0.698
0.075 0.693
0.076 0.691
0.077 0.688
0.078 0.682
0.078 0.676
0.079 0.671
0.08 0.668
0.081 0.662
0.081 0.655
0.082 0.649
0.082 0.644
0.083 0.64
0.084 0.635
0.085 0.632
0.085 0.625
0.086 0.62
0.086 0.617
0.087 0.613
0.088 0.61
0.089 0.607
0.089 0.604
0.09 0.6
0.091 0.599
0.091 0.594
0.092 0.59
0.092 0.585
0.093 0.584
0.094 0.583
0.095 0.58
0.096 0.577
0.096 0.574
0.097 0.572
0.098 0.569
0.098 0.564
0.099 0.56
0.099 0.558
0.1 0.557
0.101 0.554
0.101 0.551
0.102 0.55
0.103 0.548
0.104 0.545
0.105 0.545
0.105 0.542
0.106 0.54
0.107 0.538
0.107 0.535
0.108 0.534
0.108 0.531
0.109 0.529
0.11 0.527
0.11 0.525
0.111 0.522
0.111 0.52
0.112 0.517
0.112 0.514
0.113 0.513
0.114 0.512
0.114 0.511
0.115 0.509
0.115 0.506
0.116 0.504
0.117 0.502
0.117 0.501
0.118 0.499
0.118 0.497
0.119 0.494
0.119 0.493
0.12 0.492
0.121 0.49
0.121 0.489
0.122 0.488
0.122 0.486
0.123 0.484
0.123 0.482
0.124 0.481
0.125 0.48
0.125 0.479
0.126 0.476
0.126 0.474
0.127 0.473
0.127 0.471
0.128 0.471
0.128 0.469
0.129 0.468
0.13 0.466
0.13 0.464
0.13 0.462
0.131 0.462
0.132 0.461
0.132 0.459
0.133 0.457
0.133 0.457
0.134 0.456
0.135 0.455
0.135 0.454
0.136 0.453
0.136 0.451
0.137 0.45
0.137 0.448
0.138 0.447
0.138 0.445
0.139 0.444
0.139 0.443
0.14 0.442
0.14 0.442
0.141 0.44
0.141 0.439
0.142 0.438
0.142 0.437
0.143 0.437
0.144 0.436
0.145 0.435
0.145 0.435
0.146 0.433
0.146 0.433
0.147 0.431
0.147 0.431
0.148 0.43
0.148 0.429
0.149 0.428
0.149 0.426
0.149 0.424
0.15 0.422
0.15 0.423
0.151 0.421
0.151 0.42
0.152 0.419
0.152 0.419
0.153 0.418
0.153 0.416
0.153 0.415
0.154 0.413
0.154 0.413
0.155 0.412
0.155 0.411
0.156 0.411
0.156 0.41
0.157 0.409
0.158 0.409
0.159 0.409
0.159 0.409
0.16 0.409
0.161 0.407
0.161 0.407
0.162 0.406
0.162 0.406
0.163 0.406
0.164 0.405
0.164 0.404
0.165 0.403
0.165 0.402
0.166 0.403
0.166 0.402
0.167 0.4
0.167 0.399
0.167 0.398
0.168 0.398
0.169 0.398
0.169 0.397
0.17 0.397
0.171 0.397
0.171 0.396
0.171 0.395
0.172 0.394
0.172 0.394
0.173 0.393
0.174 0.393
0.174 0.392
0.175 0.391
0.175 0.391
0.176 0.39
0.176 0.389
0.177 0.39
0.178 0.389
0.178 0.389
0.179 0.389
0.179 0.388
0.18 0.388
0.18 0.386
0.18 0.385
0.181 0.385
0.181 0.384
0.182 0.384
0.183 0.384
0.184 0.384
0.184 0.384
0.185 0.383
0.185 0.383
0.186 0.382
0.186 0.381
0.186 0.38
0.187 0.379
0.187 0.379
0.187 0.378
0.188 0.378
0.189 0.377
0.189 0.376
0.189 0.376
0.19 0.374
0.19 0.374
0.191 0.374
0.191 0.373
0.191 0.372
0.192 0.372
0.192 0.371
0.193 0.37
0.194 0.371
0.194 0.37
0.194 0.37
0.195 0.369
0.195 0.369
0.196 0.368
0.196 0.368
0.197 0.367
0.197 0.367
0.198 0.366
0.198 0.366
0.199 0.365
0.199 0.365
0.199 0.364
0.2 0.363
0.2 0.362
0.2 0.362
0.201 0.361
0.201 0.361
0.202 0.36
0.202 0.359
0.203 0.36
0.204 0.36
0.204 0.36
0.205 0.359
0.205 0.358
0.206 0.358
0.206 0.357
0.206 0.356
0.207 0.357
0.207 0.356
0.208 0.355
0.208 0.355
0.208 0.354
0.209 0.354
0.209 0.353
0.21 0.353
0.21 0.352
0.21 0.352
0.211 0.352
0.212 0.352
0.212 0.351
0.212 0.35
0.213 0.35
0.213 0.349
0.214 0.349
0.214 0.349
0.214 0.348
0.215 0.348
0.215 0.347
0.216 0.347
0.216 0.346
0.216 0.345
0.216 0.345
0.217 0.344
0.217 0.344
0.217 0.343
0.217 0.342
0.218 0.342
0.218 0.341
0.219 0.34
0.219 0.34
0.22 0.341
0.22 0.34
0.221 0.34
0.222 0.34
0.222 0.339
0.223 0.339
0.223 0.339
0.224 0.339
0.224 0.338
0.224 0.338
0.225 0.337
0.225 0.337
0.226 0.337
0.226 0.337
0.226 0.336
0.227 0.336
0.227 0.335
0.227 0.334
0.227 0.333
0.228 0.333
0.228 0.332
0.229 0.332
0.229 0.332
0.23 0.332
0.23 0.331
0.23 0.331
0.231 0.331
0.231 0.33
0.231 0.329
0.232 0.329
0.232 0.328
0.232 0.328
0.233 0.328
0.233 0.327
0.233 0.327
0.234 0.326
0.234 0.326
0.234 0.325
0.235 0.325
0.235 0.325
0.235 0.324
0.235 0.323
0.235 0.323
0.235 0.322
0.235 0.32
0.235 0.32
0.236 0.319
0.236 0.319
0.236 0.318
0.236 0.318
0.237 0.317
0.237 0.316
0.237 0.316
0.237 0.315
0.237 0.314
0.237 0.314
0.237 0.313
0.237 0.312
0.237 0.311
0.237 0.311
0.238 0.311
0.238 0.31
0.238 0.31
0.239 0.309
0.239 0.309
0.24 0.309
0.24 0.308
0.24 0.308
0.24 0.307
0.241 0.307
0.241 0.306
0.241 0.306
0.241 0.306
0.242 0.305
0.242 0.304
0.242 0.304
0.242 0.303
0.242 0.303
0.242 0.302
0.243 0.302
0.243 0.302
0.243 0.301
0.243 0.3
0.244 0.3
0.244 0.3
0.244 0.299
0.245 0.299
0.245 0.299
0.245 0.298
0.245 0.298
0.245 0.297
0.246 0.297
0.246 0.296
0.246 0.296
0.246 0.295
0.246 0.295
0.246 0.294
0.247 0.294
0.247 0.294
0.247 0.293
0.247 0.293
0.247 0.292
0.248 0.291
0.248 0.291
0.248 0.291
0.249 0.29
0.249 0.29
0.249 0.29
0.249 0.289
0.249 0.289
0.25 0.288
0.25 0.288
0.25 0.288
0.251 0.288
0.251 0.287
0.251 0.286
0.252 0.287
0.252 0.287
0.253 0.287
0.253 0.287
0.254 0.286
0.254 0.286
0.254 0.286
0.255 0.286
0.255 0.285
0.255 0.285
0.255 0.284
0.256 0.284
0.256 0.284
0.256 0.283
0.256 0.282
0.256 0.283
0.257 0.282
0.257 0.281
0.257 0.281
0.257 0.281
0.257 0.28
0.257 0.28
0.258 0.279
0.258 0.279
0.258 0.279
0.258 0.278
0.258 0.278
0.259 0.277
0.259 0.277
0.259 0.277
0.259 0.276
0.26 0.276
0.26 0.275
0.261 0.276
0.261 0.275
0.261 0.275
0.261 0.274
0.261 0.274
0.261 0.273
0.261 0.273
0.261 0.272
0.261 0.272
0.261 0.272
0.261 0.271
0.262 0.271
0.262 0.27
0.262 0.27
0.263 0.27
0.263 0.27
0.263 0.269
0.263 0.269
0.263 0.268
0.263 0.268
0.264 0.268
0.264 0.268
0.264 0.268
0.264 0.267
0.264 0.266
0.265 0.266
0.265 0.266
0.265 0.265
0.265 0.265
0.266 0.265
0.266 0.265
0.266 0.265
0.267 0.264
0.267 0.264
0.267 0.264
0.267 0.264
0.268 0.263
0.268 0.263
0.268 0.263
0.268 0.262
0.268 0.262
0.268 0.262
0.269 0.261
0.269 0.261
0.269 0.261
0.269 0.26
0.269 0.26
0.27 0.26
0.27 0.26
0.27 0.259
0.27 0.259
0.27 0.259
0.271 0.258
0.271 0.258
0.271 0.257
0.271 0.257
0.271 0.256
0.271 0.256
0.271 0.255
0.271 0.255
0.271 0.255
0.271 0.255
0.272 0.255
0.272 0.254
0.272 0.254
0.273 0.254
0.273 0.254
0.273 0.253
0.273 0.253
0.274 0.253
0.274 0.253
0.274 0.253
0.274 0.252
0.275 0.252
0.275 0.252
0.275 0.251
0.275 0.251
0.275 0.251
0.275 0.25
0.275 0.25
0.275 0.249
0.276 0.249
0.276 0.249
0.276 0.248
0.276 0.248
0.276 0.248
0.276 0.247
0.276 0.247
0.277 0.247
0.277 0.247
0.277 0.247
0.277 0.247
0.278 0.246
0.278 0.246
0.278 0.246
0.278 0.245
0.278 0.245
0.279 0.245
0.279 0.244
0.279 0.244
0.279 0.244
0.279 0.243
0.279 0.243
0.279 0.243
0.28 0.243
0.28 0.243
0.28 0.243
0.281 0.242
0.281 0.242
0.281 0.242
0.282 0.242
0.282 0.242
0.282 0.241
0.282 0.241
0.282 0.241
0.282 0.24
0.283 0.24
0.283 0.24
0.283 0.24
0.283 0.239
0.283 0.239
0.283 0.239
0.284 0.239
0.284 0.239
0.284 0.238
0.284 0.238
0.284 0.237
0.284 0.237
0.285 0.237
0.285 0.237
0.285 0.237
0.285 0.236
0.285 0.236
0.285 0.236
0.285 0.235
0.285 0.235
0.286 0.235
0.286 0.235
0.286 0.235
0.286 0.234
0.286 0.234
0.287 0.234
0.287 0.234
0.287 0.233
0.287 0.233
0.288 0.234
0.288 0.233
0.288 0.233
0.288 0.232
0.289 0.232
0.289 0.232
0.289 0.232
0.29 0.232
0.29 0.232
0.291 0.232
0.291 0.232
0.291 0.232
0.292 0.232
0.292 0.232
0.292 0.232
0.292 0.231
0.292 0.231
0.292 0.231
0.293 0.23
0.293 0.23
0.293 0.23
0.293 0.23
0.293 0.23
0.293 0.229
0.294 0.229
0.294 0.229
0.294 0.229
0.294 0.228
0.294 0.228
0.294 0.228
0.294 0.227
0.295 0.227
0.295 0.227
0.295 0.227
0.295 0.227
0.296 0.227
0.296 0.226
0.296 0.226
0.296 0.226
0.296 0.226
0.296 0.225
0.296 0.225
0.296 0.225
0.297 0.225
0.297 0.224
0.297 0.224
0.297 0.224
0.297 0.224
0.297 0.224
0.297 0.223
0.297 0.222
0.297 0.222
0.297 0.222
0.297 0.222
0.297 0.222
0.297 0.221
0.298 0.221
0.298 0.221
0.298 0.221
0.298 0.22
0.299 0.221
0.299 0.22
0.299 0.22
0.299 0.22
0.299 0.22
0.299 0.22
0.299 0.219
0.299 0.219
0.299 0.219
0.3 0.218
0.3 0.218
0.3 0.218
0.3 0.217
0.3 0.217
0.3 0.217
0.3 0.217
0.3 0.217
0.3 0.216
0.3 0.216
0.3 0.216
0.3 0.215
0.301 0.215
0.301 0.215
0.301 0.215
0.301 0.215
0.301 0.215
0.301 0.214
0.302 0.214
0.302 0.214
0.302 0.214
0.302 0.214
0.302 0.213
0.302 0.213
0.303 0.213
0.303 0.213
0.303 0.213
0.304 0.213
0.304 0.212
0.304 0.212
0.304 0.212
0.304 0.212
0.304 0.212
0.304 0.212
0.305 0.212
0.305 0.212
0.305 0.212
0.305 0.211
0.306 0.211
0.306 0.211
0.306 0.211
0.306 0.211
0.306 0.21
0.306 0.21
0.306 0.21
0.306 0.21
0.307 0.209
0.307 0.209
0.307 0.209
0.307 0.209
0.307 0.209
0.307 0.208
0.308 0.209
0.308 0.208
0.308 0.208
0.308 0.208
0.308 0.208
0.308 0.207
0.309 0.208
0.309 0.207
0.309 0.207
0.309 0.207
0.309 0.207
0.309 0.206
0.309 0.206
0.309 0.206
0.31 0.206
0.31 0.206
0.31 0.206
0.31 0.205
0.31 0.205
0.31 0.205
0.31 0.205
0.31 0.204
0.31 0.204
0.31 0.204
0.311 0.204
0.311 0.204
0.311 0.204
0.311 0.204
0.311 0.203
0.312 0.203
0.312 0.203
0.312 0.203
0.312 0.202
0.312 0.202
0.312 0.202
0.312 0.202
0.312 0.202
0.313 0.201
0.313 0.201
0.313 0.201
0.313 0.201
0.313 0.201
0.313 0.201
0.313 0.201
0.314 0.2
0.314 0.2
0.314 0.2
0.314 0.2
0.314 0.2
0.314 0.2
0.314 0.2
0.314 0.199
0.315 0.199
0.315 0.199
0.315 0.199
0.316 0.199
0.316 0.199
0.316 0.199
0.316 0.199
0.317 0.199
0.317 0.198
0.317 0.198
0.317 0.198
0.317 0.198
0.317 0.198
0.317 0.198
0.318 0.197
0.318 0.197
0.318 0.197
0.318 0.197
0.318 0.197
0.318 0.196
0.318 0.196
0.318 0.196
0.318 0.196
0.318 0.196
0.319 0.196
0.319 0.196
0.319 0.195
0.319 0.195
0.319 0.195
0.32 0.195
0.32 0.195
0.32 0.195
0.32 0.195
0.321 0.195
0.321 0.195
0.321 0.194
0.321 0.194
0.321 0.194
0.321 0.194
0.321 0.194
0.321 0.194
0.321 0.193
0.321 0.193
0.321 0.193
0.321 0.193
0.321 0.192
0.322 0.192
0.322 0.192
0.322 0.192
0.322 0.192
0.323 0.192
0.323 0.192
0.323 0.192
0.324 0.192
0.324 0.192
0.325 0.192
0.325 0.192
0.325 0.192
0.325 0.192
0.325 0.192
0.325 0.191
0.326 0.191
0.326 0.191
0.326 0.191
0.326 0.191
0.326 0.191
0.326 0.19
0.326 0.19
0.326 0.19
0.327 0.19
0.327 0.19
0.327 0.19
0.327 0.19
0.327 0.19
0.328 0.19
0.328 0.19
0.328 0.189
0.328 0.189
0.328 0.189
0.328 0.189
0.328 0.189
0.328 0.188
0.328 0.188
0.328 0.188
0.328 0.188
0.328 0.188
0.328 0.188
0.328 0.187
0.328 0.187
0.328 0.187
0.328 0.187
0.329 0.186
0.329 0.187
0.329 0.186
0.329 0.186
0.329 0.186
0.33 0.186
0.33 0.186
0.33 0.186
0.331 0.186
0.331 0.186
0.331 0.186
0.331 0.186
0.331 0.186
0.331 0.185
0.331 0.185
0.332 0.185
0.332 0.185
0.332 0.185
0.332 0.185
0.332 0.184
0.332 0.184
0.332 0.184
0.332 0.184
0.332 0.184
0.332 0.184
0.332 0.183
0.332 0.183
0.333 0.183
0.333 0.183
0.333 0.183
0.333 0.183
0.333 0.182
0.333 0.182
0.333 0.182
0.333 0.182
0.334 0.182
0.334 0.182
0.334 0.182
0.334 0.182
0.334 0.182
0.335 0.182
0.335 0.182
0.335 0.182
0.335 0.181
0.335 0.181
0.335 0.181
0.335 0.181
0.335 0.181
0.336 0.181
0.336 0.18
0.336 0.18
0.336 0.18
0.337 0.18
0.337 0.18
0.337 0.18
0.337 0.18
0.337 0.18
0.337 0.18
0.338 0.18
0.338 0.18
0.338 0.18
0.338 0.179
0.338 0.179
0.338 0.179
0.339 0.179
0.339 0.179
0.339 0.179
0.339 0.179
0.339 0.179
0.339 0.178
0.339 0.179
0.339 0.178
0.34 0.178
0.34 0.178
0.34 0.178
0.34 0.178
0.34 0.178
0.341 0.178
0.341 0.178
0.341 0.178
0.341 0.177
0.341 0.177
0.341 0.177
0.341 0.177
0.341 0.177
0.341 0.177
0.342 0.177
0.342 0.177
0.342 0.177
0.342 0.176
0.342 0.176
0.342 0.176
0.342 0.176
0.342 0.176
0.342 0.175
0.342 0.175
0.342 0.175
0.342 0.175
0.342 0.175
0.343 0.175
0.343 0.175
0.343 0.175
0.343 0.175
0.344 0.175
0.344 0.174
0.344 0.174
0.344 0.174
0.344 0.174
0.344 0.174
0.344 0.174
0.344 0.174
0.344 0.173
0.344 0.173
0.345 0.174
0.346 0.174
0.346 0.174
0.346 0.173
0.346 0.173
0.347 0.173
0.347 0.173
0.347 0.173
0.347 0.173
0.347 0.173
0.347 0.173
0.347 0.173
0.348 0.173
0.348 0.173
0.348 0.173
0.348 0.173
0.348 0.172
0.349 0.172
0.349 0.172
0.349 0.172
0.349 0.172
0.349 0.172
0.349 0.172
0.349 0.171
0.349 0.171
0.349 0.171
0.35 0.172
0.35 0.171
0.35 0.171
0.35 0.171
0.35 0.171
0.35 0.171
0.35 0.171
0.35 0.171
0.35 0.171
0.35 0.17
0.35 0.17
0.35 0.17
0.351 0.17
0.351 0.17
0.351 0.17
0.351 0.17
0.351 0.169
0.351 0.169
0.351 0.169
0.351 0.169
0.351 0.169
0.352 0.169
0.352 0.169
0.352 0.169
0.352 0.169
0.352 0.168
0.352 0.168
0.352 0.168
0.352 0.168
0.352 0.168
0.352 0.168
0.353 0.168
0.353 0.167
0.353 0.167
0.353 0.167
0.353 0.167
0.353 0.167
0.353 0.167
0.353 0.167
0.353 0.167
0.353 0.167
0.353 0.167
0.353 0.166
0.353 0.166
0.354 0.166
0.354 0.166
0.354 0.166
0.354 0.166
0.354 0.166
0.354 0.166
0.354 0.166
0.354 0.165
0.354 0.165
0.354 0.165
0.354 0.165
0.354 0.165
0.354 0.165
0.354 0.165
0.355 0.164
0.355 0.164
0.355 0.164
0.355 0.164
0.355 0.164
0.355 0.164
0.355 0.164
0.356 0.164
0.356 0.164
0.356 0.164
0.356 0.164
0.356 0.164
0.356 0.163
0.356 0.163
0.356 0.163
0.356 0.163
0.356 0.163
0.356 0.163
0.356 0.162
0.357 0.162
0.357 0.162
0.357 0.162
0.357 0.162
0.357 0.162
0.357 0.162
0.357 0.162
0.357 0.162
0.357 0.162
0.357 0.162
0.357 0.162
0.357 0.161
0.357 0.161
0.357 0.161
0.358 0.161
0.358 0.161
0.358 0.161
0.358 0.161
0.358 0.161
0.358 0.16
0.358 0.16
0.358 0.16
0.359 0.16
0.359 0.16
0.359 0.16
0.359 0.16
0.359 0.16
0.359 0.16
0.359 0.16
0.359 0.16
0.36 0.16
0.36 0.16
0.36 0.16
0.36 0.16
0.36 0.159
0.36 0.159
0.361 0.159
0.361 0.159
0.361 0.159
0.361 0.159
0.361 0.159
0.361 0.159
0.361 0.158
0.361 0.158
0.361 0.158
0.361 0.158
0.361 0.158
0.361 0.158
0.361 0.158
0.361 0.158
0.361 0.158
0.362 0.158
0.363 0.158
0.363 0.158
0.363 0.158
0.363 0.158
0.363 0.157
0.363 0.157
0.363 0.157
0.363 0.157
0.363 0.157
0.363 0.157
0.363 0.157
0.364 0.157
0.364 0.157
0.364 0.157
0.364 0.156
0.364 0.156
0.364 0.156
0.364 0.156
0.364 0.156
0.364 0.156
0.364 0.156
0.364 0.156
0.364 0.156
0.364 0.156
0.364 0.155
0.364 0.155
0.364 0.155
0.364 0.155
0.365 0.155
0.365 0.155
0.365 0.154
0.365 0.155
0.365 0.155
0.366 0.155
0.366 0.154
0.366 0.154
0.366 0.154
0.366 0.154
0.366 0.154
0.366 0.154
0.366 0.154
0.366 0.154
0.367 0.154
0.367 0.154
0.367 0.154
0.367 0.154
0.367 0.153
0.367 0.153
0.367 0.153
0.367 0.153
0.367 0.153
0.368 0.153
0.368 0.153
0.368 0.153
0.368 0.153
0.368 0.153
0.368 0.153
0.369 0.153
0.369 0.153
0.369 0.153
0.369 0.153
0.369 0.153
0.369 0.153
0.369 0.152
0.37 0.152
0.37 0.152
0.37 0.152
0.37 0.152
0.37 0.152
0.37 0.152
0.37 0.152
0.37 0.152
0.37 0.152
0.37 0.152
0.37 0.152
0.371 0.152
0.371 0.151
0.371 0.151
0.371 0.151
0.371 0.151
0.371 0.151
0.371 0.151
0.371 0.151
0.372 0.151
0.372 0.151
0.372 0.151
0.372 0.151
0.372 0.151
0.372 0.15
0.372 0.151
0.373 0.151
0.373 0.15
0.373 0.15
0.373 0.15
0.373 0.15
0.373 0.15
0.373 0.15
0.373 0.15
0.373 0.15
0.373 0.149
0.373 0.149
0.373 0.149
0.373 0.149
0.373 0.149
0.373 0.149
0.373 0.149
0.373 0.149
0.374 0.149
0.374 0.149
0.374 0.149
0.374 0.148
0.374 0.148
0.374 0.148
0.374 0.148
0.374 0.148
0.374 0.148
0.374 0.148
0.375 0.148
0.375 0.148
0.375 0.148
0.375 0.148
0.375 0.148
0.375 0.148
0.375 0.148
0.375 0.148
0.375 0.148
0.375 0.147
0.375 0.147
0.376 0.147
0.376 0.147
0.376 0.147
0.376 0.147
0.376 0.147
0.376 0.147
0.376 0.147
0.376 0.146
0.376 0.146
0.376 0.146
0.376 0.146
0.377 0.146
0.377 0.146
0.377 0.146
0.377 0.146
0.377 0.146
0.377 0.146
0.377 0.146
0.377 0.146
0.377 0.146
0.377 0.145
0.377 0.145
0.377 0.145
0.377 0.145
0.377 0.145
0.377 0.145
0.377 0.145
0.378 0.145
0.378 0.145
0.378 0.145
0.379 0.145
0.379 0.145
0.379 0.145
0.379 0.145
0.379 0.144
0.379 0.144
0.379 0.145
0.379 0.144
0.38 0.144
0.38 0.144
0.38 0.144
0.38 0.144
0.38 0.144
0.38 0.144
0.38 0.144
0.38 0.144
0.38 0.144
0.38 0.144
0.38 0.144
0.38 0.143
0.38 0.143
0.38 0.143
0.381 0.143
0.381 0.143
0.381 0.143
0.381 0.143
0.381 0.143
0.381 0.143
0.381 0.143
0.381 0.143
0.381 0.143
0.382 0.143
0.382 0.143
0.382 0.142
0.382 0.142
0.382 0.142
0.382 0.142
0.382 0.142
0.382 0.142
0.382 0.142
0.382 0.142
0.382 0.142
0.382 0.142
0.383 0.142
0.383 0.142
0.383 0.142
0.383 0.142
0.383 0.141
0.383 0.141
0.383 0.141
0.383 0.141
0.383 0.141
0.383 0.141
0.383 0.141
0.383 0.141
0.383 0.141
0.383 0.141
0.384 0.14
0.384 0.141
0.384 0.141
0.384 0.14
0.384 0.14
0.384 0.14
0.384 0.14
0.384 0.14
0.384 0.14
0.384 0.14
0.384 0.14
0.385 0.14
0.385 0.14
0.385 0.14
0.385 0.14
0.385 0.14
0.385 0.14
0.385 0.14
0.386 0.14
0.386 0.139
0.386 0.139
0.386 0.139
0.386 0.139
0.386 0.139
0.387 0.139
0.387 0.139
0.387 0.139
0.387 0.139
0.387 0.139
0.387 0.139
0.388 0.139
0.388 0.139
0.388 0.139
0.388 0.139
0.388 0.139
0.388 0.139
0.388 0.138
0.388 0.138
0.389 0.139
0.389 0.139
0.389 0.139
0.389 0.138
0.389 0.138
0.389 0.138
0.389 0.138
0.389 0.138
0.389 0.138
0.389 0.138
0.39 0.138
0.39 0.138
0.39 0.138
0.39 0.138
0.39 0.138
0.39 0.138
0.39 0.138
0.39 0.137
0.39 0.137
0.39 0.137
0.39 0.137
0.39 0.137
0.39 0.137
0.391 0.137
0.391 0.137
0.391 0.137
0.391 0.137
0.391 0.137
0.391 0.137
0.391 0.137
0.391 0.137
0.391 0.137
0.391 0.136
0.391 0.136
0.392 0.136
0.392 0.136
0.392 0.136
0.392 0.136
0.392 0.136
0.392 0.136
0.392 0.136
0.392 0.136
0.392 0.136
0.392 0.136
0.393 0.136
0.393 0.136
0.393 0.136
0.393 0.135
0.393 0.135
0.393 0.135
0.393 0.135
0.393 0.135
0.393 0.135
0.393 0.135
0.393 0.135
0.394 0.135
0.394 0.135
0.394 0.135
0.394 0.135
0.394 0.135
0.394 0.135
0.395 0.135
0.395 0.135
0.395 0.135
0.395 0.135
0.396 0.135
0.396 0.135
0.396 0.135
0.396 0.135
0.396 0.134
0.396 0.134
0.396 0.134
0.396 0.134
0.396 0.134
0.396 0.134
0.396 0.134
0.396 0.134
0.397 0.134
0.397 0.134
0.397 0.134
0.397 0.134
0.397 0.134
0.397 0.134
0.397 0.134
0.398 0.134
0.398 0.134
0.398 0.134
0.398 0.134
0.398 0.134
0.398 0.134
0.399 0.134
0.399 0.134
0.399 0.134
0.399 0.133
0.399 0.133
0.399 0.133
0.399 0.133
0.4 0.133
0.4 0.133
0.4 0.133
0.4 0.133
0.4 0.133
0.4 0.133
0.4 0.133
0.4 0.133
0.401 0.133
0.401 0.133
0.401 0.133
0.401 0.133
0.401 0.133
0.401 0.133
0.402 0.133
0.402 0.133
0.402 0.133
0.402 0.133
0.402 0.132
0.402 0.132
0.402 0.132
0.402 0.132
0.402 0.132
0.402 0.132
0.402 0.132
0.402 0.132
0.402 0.132
0.403 0.132
0.403 0.132
0.403 0.132
0.403 0.132
0.403 0.132
0.403 0.132
0.403 0.132
0.404 0.132
0.404 0.132
0.404 0.132
0.404 0.132
0.404 0.132
0.405 0.132
0.405 0.132
0.405 0.132
0.405 0.132
0.405 0.131
0.405 0.131
0.405 0.131
0.406 0.131
0.406 0.131
0.406 0.131
0.406 0.131
0.406 0.131
0.407 0.131
0.407 0.131
0.407 0.131
0.407 0.131
0.407 0.131
0.407 0.131
0.407 0.131
0.407 0.131
0.408 0.131
0.408 0.131
0.408 0.13
0.408 0.13
0.408 0.13
0.408 0.13
0.408 0.131
0.408 0.131
0.408 0.13
0.408 0.13
0.409 0.13
0.409 0.13
0.409 0.13
0.409 0.13
0.409 0.13
0.409 0.13
0.409 0.13
0.409 0.13
0.409 0.13
0.409 0.13
0.409 0.13
0.409 0.13
0.409 0.13
0.409 0.129
0.409 0.129
0.41 0.129
0.41 0.129
0.41 0.13
0.41 0.129
0.41 0.129
0.411 0.129
0.411 0.129
0.411 0.129
0.411 0.129
0.411 0.129
0.411 0.129
0.411 0.129
0.412 0.129
0.412 0.129
0.412 0.129
0.412 0.129
0.412 0.129
0.412 0.129
0.412 0.129
0.412 0.129
0.412 0.129
0.412 0.128
0.413 0.129
0.413 0.129
0.413 0.128
0.413 0.128
0.413 0.128
0.413 0.128
0.413 0.128
0.413 0.128
0.413 0.128
0.414 0.128
0.414 0.128
0.414 0.128
0.415 0.128
0.415 0.128
0.415 0.128
0.415 0.128
0.415 0.128
0.415 0.128
0.416 0.128
0.416 0.128
0.416 0.128
0.416 0.128
0.416 0.128
0.416 0.128
0.416 0.128
0.416 0.128
0.416 0.128
0.416 0.127
0.416 0.127
0.416 0.127
0.416 0.127
0.416 0.127
0.416 0.127
0.416 0.127
0.417 0.127
0.417 0.127
0.417 0.127
0.417 0.127
0.417 0.127
0.417 0.127
0.417 0.127
0.417 0.127
0.417 0.127
0.417 0.127
0.418 0.127
0.418 0.127
0.418 0.127
0.418 0.126
0.418 0.126
0.418 0.126
0.419 0.126
0.419 0.126
0.419 0.126
0.419 0.126
0.419 0.126
0.419 0.126
0.419 0.126
0.419 0.126
0.419 0.126
0.419 0.126
0.419 0.126
0.419 0.126
0.419 0.126
0.419 0.126
0.42 0.126
0.42 0.126
0.42 0.126
0.42 0.126
0.421 0.126
0.421 0.126
0.421 0.126
0.421 0.126
0.421 0.125
0.421 0.125
0.421 0.125
0.421 0.125
0.421 0.125
0.422 0.125
0.422 0.125
0.423 0.126
0.423 0.126
0.423 0.126
0.423 0.126
0.423 0.125
0.424 0.125
0.424 0.125
0.424 0.126
0.425 0.125
0.425 0.125
0.425 0.126
0.425 0.125
0.426 0.126
0.426 0.125
0.426 0.125
0.426 0.125
0.426 0.125
0.426 0.125
0.427 0.125
0.427 0.125
0.427 0.125
0.427 0.125
0.427 0.125
0.427 0.125
0.427 0.125
0.428 0.125
0.428 0.125
0.428 0.125
0.428 0.125
0.428 0.125
0.428 0.125
0.428 0.125
0.428 0.125
0.428 0.125
0.429 0.125
0.429 0.125
0.43 0.125
0.43 0.125
0.43 0.125
0.43 0.125
0.43 0.125
0.43 0.125
0.43 0.125
0.43 0.125
0.43 0.125
0.431 0.125
0.431 0.125
0.431 0.125
0.431 0.125
0.431 0.125
0.431 0.124
0.431 0.124
0.432 0.124
0.432 0.124
0.432 0.124
0.432 0.124
0.432 0.124
0.432 0.124
0.432 0.124
0.432 0.124
0.432 0.124
0.432 0.124
0.433 0.124
0.433 0.124
0.433 0.124
0.433 0.124
0.433 0.124
0.433 0.124
0.433 0.124
0.433 0.123
0.433 0.123
0.434 0.124
0.434 0.124
0.434 0.124
0.434 0.123
0.434 0.123
0.434 0.123
0.434 0.123
0.434 0.123
0.434 0.123
0.434 0.123
0.434 0.123
0.434 0.123
0.434 0.123
0.434 0.123
0.434 0.123
0.434 0.123
0.435 0.123
0.435 0.123
0.435 0.123
0.435 0.123
0.435 0.123
0.435 0.122
0.435 0.122
0.435 0.122
0.435 0.122
0.435 0.122
0.436 0.122
0.436 0.122
0.436 0.122
0.436 0.122
0.436 0.122
0.436 0.122
0.436 0.122
0.436 0.122
0.437 0.122
0.437 0.122
0.437 0.122
0.437 0.122
0.437 0.122
0.437 0.122
0.437 0.122
0.437 0.122
0.437 0.122
0.437 0.122
0.438 0.122
0.438 0.122
0.438 0.122
0.438 0.122
0.438 0.122
0.438 0.122
0.438 0.122
0.439 0.122
0.439 0.122
0.439 0.122
0.439 0.122
0.439 0.122
0.439 0.121
0.44 0.121
0.44 0.121
0.44 0.121
0.44 0.121
0.44 0.121
0.44 0.121
0.441 0.121
0.441 0.121
0.441 0.121
0.441 0.121
0.441 0.121
0.441 0.121
0.441 0.121
0.441 0.121
0.442 0.121
0.442 0.121
0.442 0.121
0.442 0.121
0.442 0.121
0.442 0.121
0.442 0.121
0.443 0.121
0.443 0.121
0.443 0.121
0.444 0.121
0.444 0.121
0.444 0.121
0.444 0.121
0.444 0.121
0.444 0.121
0.444 0.121
0.444 0.121
0.444 0.121
0.444 0.12
0.445 0.121
0.445 0.12
0.445 0.12
0.445 0.12
0.445 0.12
0.445 0.12
0.445 0.12
0.446 0.12
0.446 0.12
0.446 0.12
0.446 0.12
0.446 0.12
0.446 0.12
0.446 0.12
0.447 0.12
0.447 0.12
0.447 0.12
0.447 0.12
0.447 0.12
0.447 0.12
0.447 0.12
0.448 0.12
0.448 0.12
0.448 0.12
0.448 0.12
0.448 0.12
0.448 0.12
0.448 0.12
0.449 0.12
0.449 0.12
0.449 0.12
0.449 0.12
0.449 0.12
0.449 0.12
0.449 0.12
0.45 0.12
0.45 0.12
0.45 0.12
0.451 0.12
0.451 0.12
0.451 0.12
0.451 0.12
0.451 0.12
0.451 0.119
0.451 0.119
0.451 0.119
0.451 0.119
0.451 0.119
0.451 0.119
0.452 0.12
0.452 0.119
0.452 0.119
0.453 0.119
0.453 0.119
0.453 0.119
0.453 0.119
0.453 0.119
0.453 0.119
0.453 0.119
0.453 0.119
0.453 0.119
0.453 0.119
0.453 0.119
0.454 0.119
0.454 0.119
0.454 0.119
0.454 0.119
0.454 0.119
0.454 0.119
0.454 0.119
0.454 0.119
0.454 0.119
0.454 0.119
0.454 0.119
0.454 0.118
0.455 0.118
0.455 0.118
0.455 0.118
0.455 0.118
0.455 0.118
0.455 0.118
0.455 0.118
0.455 0.118
0.455 0.118
0.456 0.118
0.456 0.118
0.456 0.118
0.456 0.118
0.457 0.118
0.457 0.118
0.457 0.118
0.457 0.118
0.457 0.118
0.457 0.118
0.457 0.118
0.457 0.118
0.457 0.118
0.458 0.118
0.458 0.118
0.458 0.118
0.458 0.118
0.458 0.118
0.458 0.118
0.458 0.118
0.458 0.118
0.458 0.117
0.459 0.117
0.459 0.117
0.459 0.117
0.459 0.117
0.459 0.117
0.459 0.117
0.46 0.118
0.46 0.117
0.46 0.117
0.46 0.117
0.46 0.117
0.46 0.117
0.46 0.117
0.46 0.117
0.46 0.117
0.46 0.117
0.461 0.117
0.461 0.117
0.461 0.117
0.461 0.117
0.461 0.117
0.462 0.117
0.462 0.117
0.462 0.117
0.462 0.117
0.463 0.117
0.463 0.117
0.463 0.117
0.463 0.117
0.463 0.117
0.464 0.117
0.464 0.117
0.464 0.117
0.464 0.117
0.464 0.117
0.465 0.117
0.465 0.117
0.465 0.117
0.465 0.117
0.465 0.117
0.465 0.117
0.466 0.117
0.466 0.117
0.466 0.117
0.466 0.117
0.466 0.117
0.466 0.117
0.466 0.117
0.466 0.117
0.466 0.116
0.467 0.117
0.467 0.117
0.467 0.117
0.467 0.117
0.468 0.117
0.468 0.117
0.468 0.117
0.468 0.117
0.468 0.117
0.468 0.116
0.468 0.116
0.468 0.116
0.468 0.116
0.468 0.116
0.468 0.116
0.468 0.116
0.468 0.116
0.468 0.116
0.468 0.116
0.469 0.116
0.469 0.116
0.469 0.116
0.469 0.116
0.469 0.116
0.469 0.116
0.469 0.116
0.469 0.116
0.469 0.116
0.469 0.116
0.469 0.116
0.469 0.115
0.47 0.115
0.47 0.116
0.47 0.116
0.47 0.116
0.47 0.115
0.47 0.115
0.471 0.116
0.471 0.116
0.471 0.115
0.471 0.115
0.471 0.115
0.471 0.115
0.472 0.115
0.472 0.115
0.472 0.115
0.472 0.115
0.472 0.115
0.473 0.116
0.473 0.115
0.473 0.115
0.473 0.115
0.473 0.115
0.473 0.115
0.473 0.115
0.473 0.115
0.474 0.115
0.474 0.115
0.474 0.115
0.474 0.115
0.474 0.115
0.474 0.115
0.474 0.115
0.474 0.115
0.474 0.115
0.475 0.115
0.475 0.115
0.475 0.115
0.475 0.115
0.475 0.115
0.475 0.115
0.475 0.115
0.476 0.115
0.476 0.115
0.476 0.115
0.476 0.115
0.476 0.115
0.476 0.115
0.477 0.115
0.477 0.115
0.477 0.115
0.477 0.114
0.477 0.114
0.477 0.114
0.477 0.114
0.477 0.114
0.477 0.114
0.477 0.114
0.477 0.114
0.477 0.114
0.477 0.114
0.477 0.114
0.477 0.114
0.478 0.114
0.478 0.114
0.478 0.114
0.478 0.114
0.478 0.114
0.478 0.114
0.479 0.114
0.479 0.114
0.479 0.114
0.479 0.114
0.479 0.114
0.479 0.114
0.479 0.114
0.479 0.114
0.479 0.114
0.479 0.114
0.479 0.114
0.48 0.114
0.48 0.114
0.48 0.114
0.48 0.114
0.48 0.114
0.48 0.114
0.48 0.114
0.481 0.114
0.481 0.114
0.481 0.113
0.481 0.113
0.481 0.113
0.482 0.113
0.482 0.113
0.482 0.113
0.482 0.113
0.482 0.113
0.482 0.113
0.482 0.113
0.482 0.113
0.482 0.113
0.483 0.113
0.483 0.113
0.483 0.113
0.483 0.113
0.483 0.113
0.484 0.113
0.484 0.113
0.484 0.113
0.484 0.113
0.484 0.113
0.484 0.113
0.485 0.113
0.485 0.113
0.485 0.113
0.485 0.113
0.485 0.113
0.485 0.113
0.485 0.113
0.485 0.113
0.485 0.113
0.485 0.113
0.486 0.113
0.486 0.112
0.486 0.113
0.487 0.113
0.487 0.113
0.487 0.113
0.487 0.113
0.488 0.113
0.488 0.113
0.488 0.113
0.488 0.113
0.488 0.113
0.488 0.113
0.488 0.113
0.489 0.113
0.489 0.113
0.489 0.113
0.489 0.112
0.489 0.112
0.489 0.112
0.489 0.113
0.489 0.112
0.489 0.112
0.489 0.112
0.489 0.112
0.489 0.112
0.489 0.112
0.489 0.112
0.489 0.112
0.489 0.112
0.489 0.112
0.49 0.112
0.49 0.112
0.49 0.112
0.49 0.112
0.491 0.112
0.491 0.112
0.491 0.112
0.491 0.112
0.491 0.112
0.491 0.112
0.491 0.112
0.491 0.112
0.491 0.112
0.491 0.112
0.492 0.112
0.492 0.112
0.492 0.112
0.492 0.112
0.492 0.112
0.492 0.112
0.492 0.112
0.493 0.112
0.493 0.112
0.493 0.112
0.493 0.112
0.494 0.112
0.494 0.112
0.494 0.112
0.495 0.112
0.495 0.112
0.495 0.112
0.495 0.112
0.495 0.112
0.495 0.112
0.495 0.112
0.495 0.112
0.495 0.112
0.495 0.112
0.495 0.112
0.495 0.112
0.495 0.112
0.495 0.111
0.495 0.111
0.496 0.111
0.496 0.111
0.496 0.111
0.497 0.111
0.497 0.111
0.497 0.111
0.497 0.111
0.497 0.111
0.497 0.111
0.497 0.111
0.497 0.111
0.497 0.111
0.497 0.111
0.497 0.111
0.498 0.111
0.498 0.111
0.498 0.111
0.498 0.111
0.498 0.111
0.498 0.111
0.498 0.111
0.498 0.111
0.499 0.111
0.499 0.111
0.499 0.111
0.499 0.111
0.499 0.111
0.5 0.111
0.5 0.111
0.5 0.111
0.5 0.111
0.5 0.111
0.5 0.111
0.5 0.111
0.5 0.111
0.501 0.111
0.501 0.111
0.501 0.111
0.501 0.111
0.501 0.111
0.501 0.111
0.501 0.111
0.501 0.111
0.502 0.111
0.502 0.111
0.502 0.111
0.502 0.111
0.502 0.11
0.502 0.11
0.502 0.11
0.502 0.11
0.502 0.11
0.502 0.11
0.503 0.11
0.503 0.11
0.503 0.11
0.503 0.11
0.504 0.11
0.504 0.11
0.504 0.11
0.504 0.11
0.504 0.11
0.504 0.11
0.504 0.11
0.504 0.11
0.505 0.11
0.505 0.11
0.505 0.11
0.505 0.11
0.505 0.11
0.505 0.11
0.506 0.11
0.506 0.11
0.506 0.11
0.506 0.11
0.506 0.11
0.506 0.11
0.507 0.11
0.507 0.11
0.507 0.11
0.507 0.11
0.507 0.11
0.508 0.11
0.508 0.11
0.508 0.11
0.508 0.11
0.508 0.11
0.508 0.11
0.508 0.11
0.508 0.11
0.509 0.11
0.509 0.11
0.509 0.11
0.509 0.11
0.509 0.11
0.509 0.11
0.51 0.11
0.51 0.11
0.51 0.11
0.51 0.11
0.51 0.11
0.511 0.11
0.511 0.11
0.511 0.11
0.511 0.11
0.511 0.11
0.511 0.11
0.511 0.11
0.511 0.109
0.511 0.109
0.511 0.109
0.512 0.109
0.512 0.109
0.512 0.109
0.512 0.109
0.512 0.109
0.512 0.109
0.512 0.109
0.512 0.109
0.512 0.109
0.512 0.109
0.512 0.109
0.512 0.109
0.512 0.109
0.512 0.109
0.512 0.109
0.513 0.109
0.513 0.109
0.513 0.109
0.513 0.109
0.513 0.109
0.513 0.109
0.513 0.109
0.513 0.109
0.513 0.109
0.513 0.109
0.513 0.109
0.514 0.109
0.514 0.109
0.514 0.109
0.514 0.109
0.514 0.109
0.515 0.109
0.515 0.109
0.515 0.109
0.515 0.109
0.515 0.109
0.515 0.109
0.515 0.109
0.516 0.109
0.516 0.109
0.516 0.108
0.516 0.108
0.516 0.108
0.516 0.108
0.516 0.108
0.516 0.108
0.516 0.108
0.517 0.108
0.517 0.108
0.517 0.108
0.517 0.108
0.517 0.108
0.517 0.108
0.517 0.108
0.517 0.108
0.517 0.108
0.517 0.108
0.517 0.108
0.518 0.108
0.518 0.108
0.518 0.108
0.518 0.108
0.519 0.108
0.519 0.108
0.519 0.108
0.519 0.108
0.52 0.108
0.52 0.108
0.52 0.108
0.52 0.108
0.52 0.108
0.521 0.108
0.521 0.108
0.521 0.108
0.521 0.108
0.522 0.108
0.522 0.108
0.522 0.108
0.522 0.108
0.522 0.108
0.522 0.108
0.523 0.108
0.523 0.108
0.523 0.108
0.523 0.108
0.523 0.108
0.523 0.108
0.523 0.108
0.523 0.108
0.523 0.108
0.524 0.108
0.524 0.108
0.524 0.108
0.524 0.108
0.524 0.108
0.524 0.108
0.524 0.108
0.525 0.108
0.525 0.108
0.525 0.108
0.525 0.108
0.526 0.108
0.526 0.108
0.526 0.108
0.526 0.108
0.526 0.108
0.526 0.108
0.526 0.108
0.526 0.108
0.526 0.108
0.526 0.108
0.527 0.108
0.527 0.108
0.527 0.107
0.527 0.107
0.527 0.107
0.527 0.107
0.527 0.107
0.527 0.107
0.527 0.107
0.527 0.107
0.528 0.107
0.528 0.107
0.528 0.108
0.529 0.108
0.529 0.108
0.529 0.107
0.529 0.107
0.529 0.107
0.529 0.107
0.529 0.107
0.53 0.107
0.53 0.107
0.53 0.107
0.531 0.107
0.531 0.107
0.531 0.107
0.531 0.107
0.532 0.107
0.532 0.107
0.532 0.107
0.532 0.107
0.532 0.107
0.532 0.107
0.532 0.107
0.532 0.107
0.532 0.107
0.532 0.107
0.532 0.107
0.533 0.107
0.533 0.107
0.533 0.107
0.534 0.107
0.534 0.107
0.534 0.107
0.534 0.107
0.534 0.107
0.534 0.107
0.534 0.107
0.535 0.107
0.535 0.107
0.535 0.107
0.535 0.107
0.535 0.107
0.535 0.107
0.535 0.107
0.535 0.107
0.535 0.107
0.535 0.107
0.535 0.107
0.535 0.107
0.535 0.107
0.536 0.107
0.536 0.107
0.536 0.107
0.536 0.107
0.536 0.107
0.536 0.106
0.536 0.106
0.536 0.106
0.536 0.106
0.537 0.107
0.537 0.107
0.537 0.107
0.538 0.107
0.538 0.106
0.538 0.106
0.539 0.106
0.539 0.106
0.539 0.107
0.539 0.107
0.539 0.106
0.539 0.106
0.539 0.106
0.539 0.106
0.539 0.106
0.54 0.106
0.54 0.106
0.54 0.106
0.54 0.106
0.54 0.106
0.54 0.106
0.54 0.106
0.541 0.106
0.541 0.106
0.541 0.106
0.541 0.106
0.541 0.106
0.541 0.106
0.541 0.106
0.541 0.106
0.541 0.106
0.541 0.106
0.541 0.106
0.541 0.106
0.542 0.106
0.542 0.106
0.542 0.106
0.542 0.106
0.542 0.106
0.542 0.106
0.542 0.106
0.543 0.106
0.543 0.106
0.543 0.106
0.543 0.106
0.544 0.106
0.544 0.106
0.544 0.106
0.544 0.106
0.544 0.106
0.545 0.106
0.545 0.106
0.545 0.106
0.545 0.106
0.545 0.106
0.545 0.106
0.545 0.106
0.545 0.106
0.546 0.106
0.546 0.106
0.546 0.106
0.547 0.106
0.547 0.106
0.547 0.106
0.547 0.106
0.547 0.106
0.547 0.106
0.547 0.106
0.548 0.106
0.548 0.106
0.548 0.106
0.548 0.106
0.548 0.106
0.548 0.106
0.548 0.106
0.548 0.106
0.548 0.106
0.548 0.106
0.549 0.106
0.549 0.106
0.549 0.105
0.549 0.106
0.549 0.106
0.55 0.106
0.55 0.106
0.55 0.106
0.55 0.105
0.55 0.105
0.55 0.105
0.55 0.105
0.55 0.105
0.55 0.105
0.551 0.105
0.551 0.106
0.551 0.105
0.551 0.105
0.551 0.105
0.551 0.105
0.551 0.105
0.551 0.105
0.552 0.105
0.552 0.105
0.552 0.105
0.552 0.105
0.553 0.105
0.553 0.105
0.553 0.105
0.553 0.105
0.553 0.105
0.553 0.105
0.553 0.105
0.553 0.105
0.553 0.105
0.553 0.105
0.553 0.105
0.553 0.105
0.554 0.105
0.554 0.105
0.554 0.105
0.554 0.105
0.554 0.105
0.555 0.105
0.555 0.105
0.555 0.105
0.555 0.105
0.556 0.105
0.556 0.105
0.556 0.105
0.556 0.105
0.556 0.105
0.556 0.105
0.556 0.105
0.556 0.105
0.556 0.105
0.556 0.105
0.557 0.105
0.557 0.105
0.557 0.105
0.557 0.105
0.557 0.105
0.557 0.105
0.557 0.105
0.558 0.105
0.558 0.105
0.558 0.105
0.558 0.105
0.559 0.105
0.559 0.105
0.559 0.105
0.559 0.105
0.559 0.105
0.559 0.105
0.559 0.105
0.559 0.105
0.559 0.105
0.56 0.105
0.56 0.105
0.56 0.104
0.56 0.104
0.56 0.105
0.561 0.105
0.561 0.104
0.561 0.104
0.561 0.104
0.561 0.104
0.561 0.104
0.561 0.104
0.562 0.105
0.562 0.105
0.562 0.104
0.562 0.104
0.562 0.104
0.562 0.104
0.562 0.104
0.562 0.104
0.563 0.104
0.563 0.104
0.563 0.104
0.564 0.104
0.564 0.104
0.564 0.104
0.564 0.104
0.564 0.104
0.564 0.104
0.564 0.104
0.565 0.104
0.565 0.104
0.565 0.104
0.566 0.104
0.566 0.104
0.566 0.104
0.567 0.104
0.567 0.104
0.567 0.105
0.567 0.104
0.567 0.104
0.567 0.104
0.568 0.104
0.568 0.104
0.568 0.105
0.568 0.105
0.569 0.104
0.569 0.104
0.569 0.104
0.569 0.104
0.569 0.104
0.569 0.104
0.569 0.104
0.569 0.104
0.57 0.104
0.57 0.104
0.57 0.104
0.57 0.104
0.57 0.104
0.57 0.104
0.57 0.104
0.571 0.104
0.571 0.104
0.571 0.104
0.571 0.104
0.571 0.104
0.571 0.104
0.572 0.104
0.572 0.104
0.572 0.104
0.572 0.104
0.572 0.104
0.572 0.104
0.572 0.104
0.573 0.104
0.573 0.104
0.573 0.104
0.573 0.104
0.573 0.104
0.573 0.104
0.574 0.104
0.574 0.104
0.574 0.104
0.575 0.104
0.575 0.104
0.575 0.104
0.575 0.104
0.575 0.104
0.575 0.104
0.575 0.104
0.576 0.104
0.576 0.104
0.576 0.104
0.576 0.104
0.576 0.104
0.576 0.104
0.576 0.104
0.577 0.104
0.577 0.104
0.577 0.104
0.577 0.104
0.577 0.104
0.577 0.104
0.577 0.104
0.577 0.104
0.578 0.104
0.578 0.104
0.578 0.104
0.578 0.104
0.578 0.104
0.578 0.104
0.579 0.104
0.579 0.104
0.58 0.104
0.58 0.104
0.58 0.104
0.58 0.104
0.58 0.104
0.58 0.104
0.58 0.104
0.58 0.104
0.58 0.104
0.58 0.104
0.58 0.104
0.581 0.104
0.581 0.104
0.581 0.104
0.581 0.104
0.581 0.104
0.581 0.104
0.582 0.104
0.582 0.104
0.582 0.104
0.582 0.104
0.582 0.104
0.582 0.104
0.583 0.104
0.583 0.104
0.583 0.104
0.583 0.104
0.583 0.104
0.583 0.104
0.583 0.104
0.584 0.104
0.584 0.104
0.584 0.104
0.584 0.104
0.585 0.104
0.585 0.104
0.585 0.104
0.585 0.104
0.585 0.104
0.585 0.104
0.585 0.104
0.586 0.104
0.586 0.104
0.586 0.104
0.586 0.104
0.586 0.104
0.586 0.104
0.586 0.104
0.586 0.103
0.586 0.103
0.586 0.103
0.587 0.103
0.587 0.103
0.587 0.103
0.587 0.103
0.587 0.103
0.587 0.103
0.587 0.103
0.588 0.103
0.588 0.103
0.588 0.103
0.588 0.103
0.588 0.103
0.588 0.103
0.588 0.103
0.588 0.103
0.588 0.103
0.588 0.103
0.588 0.103
0.588 0.103
0.588 0.103
0.588 0.103
0.589 0.103
0.589 0.103
0.589 0.103
0.589 0.103
0.589 0.103
0.589 0.103
0.589 0.103
0.59 0.103
0.59 0.103
0.59 0.103
0.59 0.103
0.59 0.103
0.591 0.103
0.591 0.103
0.591 0.103
0.591 0.103
0.591 0.103
0.591 0.103
0.591 0.103
0.591 0.103
0.591 0.103
0.592 0.103
0.592 0.103
0.592 0.103
0.592 0.103
0.592 0.103
0.593 0.103
0.593 0.103
0.593 0.103
0.593 0.103
0.593 0.103
0.594 0.103
0.594 0.103
0.594 0.103
0.594 0.103
0.594 0.103
0.594 0.103
0.594 0.103
0.594 0.103
0.594 0.103
0.594 0.102
0.594 0.102
0.595 0.103
0.595 0.102
0.595 0.103
0.596 0.103
0.596 0.102
0.596 0.103
0.597 0.103
0.597 0.103
0.597 0.103
0.597 0.102
0.597 0.102
0.597 0.102
0.597 0.102
0.597 0.102
0.597 0.102
0.597 0.102
0.597 0.102
0.597 0.102
0.597 0.102
0.597 0.102
0.598 0.102
0.598 0.102
0.598 0.102
0.598 0.102
0.599 0.102
0.599 0.102
0.599 0.102
0.599 0.102
0.599 0.102
0.599 0.102
0.6 0.102
0.6 0.102
0.6 0.102
0.6 0.102
0.6 0.102
0.6 0.102
0.6 0.102
0.6 0.102
0.6 0.102
0.601 0.102
0.601 0.102
0.601 0.102
0.602 0.102
0.602 0.102
0.602 0.102
0.602 0.102
0.602 0.102
0.603 0.102
0.603 0.102
0.603 0.102
0.603 0.102
0.603 0.102
0.603 0.102
0.603 0.102
0.604 0.102
0.604 0.102
0.604 0.102
0.604 0.102
0.604 0.102
0.605 0.102
0.605 0.102
0.605 0.102
0.606 0.102
0.606 0.102
0.606 0.102
0.606 0.102
0.606 0.102
0.606 0.102
0.606 0.102
0.607 0.102
0.607 0.102
0.607 0.102
0.607 0.102
0.607 0.102
0.607 0.102
0.607 0.102
0.607 0.102
0.607 0.102
0.607 0.102
0.607 0.102
0.608 0.102
0.608 0.102
0.608 0.102
0.609 0.102
0.609 0.102
0.609 0.102
0.609 0.102
0.609 0.102
0.609 0.102
0.61 0.102
0.61 0.102
0.61 0.102
0.61 0.102
0.61 0.102
0.61 0.102
0.611 0.102
0.611 0.102
0.611 0.102
0.611 0.102
0.611 0.102
0.611 0.102
0.612 0.102
0.612 0.102
0.613 0.102
0.613 0.102
0.613 0.102
0.613 0.102
0.613 0.102
0.614 0.102
0.614 0.102
0.614 0.102
0.614 0.102
0.614 0.102
0.614 0.102
0.614 0.102
0.615 0.102
0.615 0.102
0.615 0.102
0.615 0.102
0.616 0.102
0.616 0.102
0.616 0.102
0.616 0.102
0.616 0.102
0.616 0.102
0.617 0.102
0.617 0.102
0.617 0.102
0.618 0.102
0.618 0.102
0.618 0.102
0.618 0.102
0.618 0.102
0.619 0.102
0.619 0.102
0.619 0.102
0.619 0.102
0.619 0.102
0.619 0.102
0.62 0.102
0.62 0.102
0.62 0.102
0.62 0.102
0.62 0.102
0.62 0.102
0.62 0.102
0.621 0.102
0.621 0.102
0.621 0.102
0.621 0.102
0.621 0.102
0.621 0.102
0.621 0.102
0.622 0.102
0.622 0.102
0.622 0.102
0.622 0.102
0.622 0.102
0.623 0.102
0.623 0.102
0.623 0.102
0.623 0.102
0.624 0.102
0.624 0.102
0.624 0.102
0.624 0.102
0.624 0.102
0.624 0.102
0.625 0.102
0.625 0.102
0.625 0.102
0.625 0.102
0.625 0.102
0.625 0.102
0.625 0.102
0.626 0.102
0.626 0.102
0.626 0.102
0.626 0.102
0.626 0.102
0.626 0.102
0.626 0.102
0.626 0.102
0.627 0.102
0.627 0.102
0.627 0.101
0.627 0.101
0.627 0.101
0.627 0.101
0.627 0.101
0.627 0.101
0.627 0.101
0.628 0.101
0.628 0.101
0.628 0.101
0.628 0.102
0.629 0.102
0.629 0.102
0.629 0.101
0.629 0.102
0.629 0.102
0.629 0.102
0.63 0.102
0.63 0.102
0.63 0.102
0.63 0.101
0.63 0.101
0.63 0.101
0.631 0.102
0.631 0.102
0.631 0.101
0.631 0.101
0.632 0.101
0.632 0.101
0.632 0.101
0.632 0.101
0.633 0.101
0.633 0.101
0.633 0.101
0.633 0.101
0.633 0.101
0.633 0.101
0.633 0.101
0.633 0.101
0.633 0.101
0.634 0.101
0.634 0.101
0.634 0.101
0.634 0.101
0.634 0.101
0.634 0.101
0.634 0.101
0.634 0.101
0.635 0.101
0.635 0.101
0.635 0.101
0.635 0.101
0.636 0.101
0.636 0.101
0.636 0.101
0.636 0.101
0.637 0.101
0.637 0.101
0.637 0.101
0.637 0.101
0.637 0.101
0.637 0.101
0.638 0.101
0.638 0.101
0.638 0.101
0.638 0.101
0.638 0.101
0.638 0.101
0.638 0.101
0.638 0.101
0.638 0.101
0.638 0.101
0.638 0.101
0.638 0.101
0.638 0.101
0.638 0.101
0.639 0.101
0.639 0.101
0.639 0.101
0.639 0.101
0.639 0.101
0.639 0.101
0.64 0.101
0.64 0.101
0.64 0.101
0.641 0.101
0.641 0.101
0.641 0.101
0.641 0.101
0.642 0.101
0.642 0.101
0.642 0.101
0.642 0.101
0.642 0.101
0.643 0.101
0.643 0.101
0.644 0.101
0.644 0.101
0.644 0.101
0.644 0.101
0.644 0.101
0.645 0.101
0.645 0.101
0.645 0.101
0.645 0.101
0.646 0.101
0.646 0.101
0.646 0.101
0.646 0.101
0.646 0.101
0.646 0.101
0.646 0.101
0.647 0.101
0.647 0.101
0.647 0.101
0.647 0.101
0.648 0.101
0.648 0.101
0.648 0.101
0.648 0.101
0.648 0.101
0.649 0.101
0.649 0.101
0.649 0.101
0.649 0.101
0.649 0.101
0.649 0.101
0.649 0.101
0.649 0.101
0.649 0.101
0.649 0.101
0.649 0.101
0.649 0.101
0.649 0.101
0.649 0.101
0.65 0.101
0.65 0.101
0.65 0.101
0.65 0.101
0.65 0.101
0.65 0.101
0.65 0.101
0.65 0.101
0.65 0.101
0.651 0.101
0.651 0.101
0.651 0.101
0.652 0.101
0.652 0.101
0.652 0.101
0.652 0.101
0.652 0.101
0.652 0.101
0.652 0.101
0.652 0.1
0.653 0.101
0.653 0.101
0.653 0.101
0.653 0.101
0.653 0.101
0.653 0.101
0.653 0.101
0.654 0.1
0.654 0.1
0.654 0.101
0.654 0.101
0.654 0.1
0.655 0.101
0.655 0.101
0.655 0.101
0.655 0.101
0.655 0.1
0.655 0.1
0.655 0.1
0.655 0.1
0.656 0.101
0.656 0.101
0.656 0.101
0.656 0.101
0.656 0.1
0.657 0.1
0.657 0.1
0.657 0.1
0.657 0.1
0.657 0.1
0.658 0.1
0.658 0.101
0.658 0.101
0.659 0.101
0.659 0.101
0.659 0.1
0.659 0.1
0.659 0.1
0.659 0.1
0.659 0.1
0.659 0.1
0.659 0.1
0.66 0.1
0.66 0.1
0.66 0.1
0.66 0.1
0.66 0.1
0.66 0.1
0.66 0.1
0.66 0.1
0.661 0.1
0.661 0.1
0.661 0.1
0.661 0.1
0.661 0.1
0.661 0.1
0.661 0.1
0.661 0.1
0.661 0.1
0.661 0.1
0.662 0.1
0.662 0.1
0.662 0.1
0.662 0.1
0.662 0.1
0.662 0.1
0.662 0.1
0.663 0.1
0.663 0.1
0.663 0.1
0.663 0.1
0.663 0.1
0.664 0.1
0.664 0.1
0.664 0.1
0.665 0.1
0.665 0.1
0.665 0.1
0.665 0.1
0.665 0.1
0.665 0.1
0.666 0.1
0.666 0.1
0.666 0.1
0.666 0.1
0.667 0.1
0.667 0.1
0.667 0.1
0.667 0.1
0.667 0.1
0.668 0.1
0.668 0.1
0.668 0.1
0.668 0.1
0.668 0.1
0.669 0.1
0.67 0.1
0.67 0.1
0.67 0.1
0.67 0.1
0.67 0.1
0.671 0.1
0.671 0.1
0.671 0.1
0.671 0.1
0.671 0.1
0.672 0.1
0.672 0.1
0.672 0.1
0.672 0.1
0.672 0.1
0.672 0.1
0.672 0.1
0.672 0.1
0.672 0.1
0.673 0.1
0.673 0.1
0.673 0.1
0.673 0.1
0.673 0.1
0.674 0.1
0.674 0.1
0.674 0.1
0.674 0.1
0.674 0.1
0.675 0.1
0.675 0.1
0.675 0.1
0.675 0.1
0.675 0.1
0.675 0.1
0.675 0.1
0.675 0.1
0.675 0.1
0.676 0.1
0.676 0.1
0.676 0.1
0.676 0.1
0.677 0.1
0.677 0.1
0.677 0.1
0.677 0.1
0.677 0.1
0.677 0.1
0.677 0.1
0.677 0.1
0.678 0.1
0.678 0.1
0.678 0.1
0.678 0.1
0.678 0.1
0.678 0.1
0.679 0.1
0.679 0.1
0.679 0.1
0.68 0.1
0.68 0.1
0.68 0.1
0.68 0.1
0.68 0.1
0.68 0.1
0.681 0.1
0.681 0.1
0.681 0.1
0.681 0.1
0.682 0.1
0.682 0.1
0.682 0.1
0.682 0.1
0.682 0.1
0.683 0.1
0.683 0.1
0.683 0.1
0.683 0.1
0.684 0.1
0.684 0.1
0.684 0.1
0.684 0.1
0.684 0.1
0.684 0.1
0.684 0.1
0.685 0.1
0.685 0.1
0.685 0.1
0.685 0.1
0.685 0.1
0.685 0.1
0.685 0.1
0.685 0.1
0.685 0.1
0.685 0.1
0.685 0.1
0.685 0.1
0.686 0.1
0.686 0.1
0.686 0.1
0.686 0.1
0.686 0.1
0.686 0.1
0.686 0.1
0.687 0.1
0.687 0.1
0.687 0.1
0.687 0.1
0.688 0.1
0.688 0.1
0.688 0.1
0.688 0.1
0.688 0.1
0.688 0.1
0.688 0.1
0.688 0.1
0.689 0.1
0.689 0.1
0.689 0.1
0.689 0.1
0.689 0.1
0.69 0.1
0.69 0.1
0.69 0.099
0.69 0.099
0.69 0.099
0.69 0.099
0.69 0.099
0.691 0.1
0.691 0.099
0.691 0.099
0.691 0.1
0.691 0.1
0.691 0.099
0.691 0.099
0.692 0.099
0.692 0.099
0.692 0.099
0.692 0.1
0.693 0.1
0.693 0.1
0.693 0.1
0.694 0.1
0.694 0.1
0.694 0.1
0.694 0.1
0.694 0.1
0.695 0.1
0.696 0.1
0.696 0.1
0.696 0.1
0.696 0.1
0.696 0.1
0.696 0.1
0.696 0.099
0.696 0.1
0.696 0.1
0.696 0.1
0.696 0.1
0.697 0.1
0.697 0.1
0.697 0.1
0.697 0.1
0.697 0.1
0.698 0.1
0.698 0.1
0.698 0.1
0.698 0.1
0.698 0.1
0.699 0.1
0.699 0.1
0.699 0.1
0.7 0.1
0.7 0.1
0.7 0.1
0.7 0.1
0.701 0.1
0.701 0.1
0.701 0.1
0.701 0.1
0.701 0.1
0.701 0.1
0.702 0.1
0.702 0.1
0.702 0.1
0.702 0.1
0.703 0.1
0.703 0.1
0.703 0.1
0.703 0.1
0.703 0.1
0.703 0.1
0.704 0.1
0.704 0.1
0.704 0.1
0.704 0.1
0.704 0.1
0.704 0.1
0.705 0.1
0.705 0.1
0.705 0.1
0.705 0.1
0.705 0.1
0.705 0.1
0.705 0.099
0.705 0.099
0.705 0.099
0.706 0.099
0.706 0.099
0.706 0.099
0.706 0.1
0.706 0.099
0.707 0.099
0.707 0.099
0.707 0.099
0.708 0.099
0.708 0.099
0.708 0.099
0.708 0.099
0.709 0.1
0.709 0.099
0.709 0.099
0.71 0.1
0.71 0.1
0.71 0.1
0.71 0.1
0.71 0.1
0.71 0.1
0.71 0.1
0.711 0.1
0.711 0.099
0.712 0.1
0.712 0.1
0.712 0.1
0.712 0.1
0.712 0.1
0.712 0.1
0.712 0.1
0.712 0.1
0.713 0.1
0.713 0.1
0.713 0.1
0.714 0.1
0.714 0.1
0.714 0.099
0.714 0.1
0.715 0.1
0.715 0.1
0.716 0.1
0.716 0.1
0.716 0.1
0.717 0.1
0.717 0.1
0.717 0.1
0.717 0.1
0.717 0.1
0.717 0.1
0.717 0.1
0.717 0.1
0.717 0.1
0.717 0.1
0.718 0.1
0.718 0.1
0.718 0.1
0.719 0.1
0.719 0.1
0.719 0.1
0.719 0.1
0.72 0.1
0.72 0.1
0.72 0.1
0.72 0.1
0.721 0.1
0.721 0.1
0.721 0.1
0.721 0.1
0.721 0.1
0.721 0.1
0.722 0.1
0.722 0.1
0.722 0.1
0.722 0.1
0.723 0.1
0.723 0.1
0.723 0.1
0.723 0.1
0.723 0.1
0.723 0.1
0.724 0.1
0.724 0.1
0.724 0.1
0.724 0.1
0.724 0.1
0.724 0.1
0.724 0.1
0.725 0.1
0.725 0.1
0.725 0.1
0.725 0.1
0.726 0.1
0.726 0.1
0.726 0.1
0.727 0.1
0.727 0.1
0.727 0.1
0.727 0.1
0.728 0.1
0.728 0.1
0.728 0.1
0.729 0.1
0.729 0.1
0.729 0.1
0.729 0.1
0.73 0.1
0.73 0.1
0.731 0.1
0.731 0.1
0.731 0.1
0.731 0.1
0.731 0.1
0.731 0.1
0.731 0.1
0.731 0.1
0.731 0.1
0.732 0.1
0.732 0.1
0.732 0.1
0.732 0.1
0.732 0.1
0.732 0.1
0.732 0.1
0.733 0.1
0.733 0.1
0.733 0.1
0.733 0.1
0.734 0.1
0.734 0.1
0.734 0.1
0.734 0.1
0.734 0.1
0.734 0.1
0.735 0.1
0.735 0.1
0.736 0.1
0.736 0.1
0.736 0.1
0.736 0.1
0.736 0.1
0.736 0.1
0.736 0.1
0.737 0.1
0.737 0.1
0.738 0.1
0.738 0.1
0.738 0.1
0.738 0.1
0.739 0.1
0.739 0.1
0.739 0.1
0.74 0.1
0.74 0.1
0.74 0.1
0.741 0.1
0.741 0.1
0.741 0.1
0.741 0.1
0.741 0.1
0.742 0.1
0.742 0.1
0.742 0.1
0.742 0.1
0.743 0.1
0.743 0.1
0.743 0.1
0.743 0.1
0.744 0.1
0.744 0.1
0.744 0.1
0.745 0.1
0.745 0.1
0.745 0.1
0.745 0.1
0.745 0.1
0.745 0.1
0.745 0.1
0.746 0.1
0.746 0.1
0.746 0.1
0.746 0.1
0.747 0.1
0.747 0.1
0.747 0.1
0.747 0.1
0.747 0.1
0.747 0.1
0.748 0.1
0.748 0.1
0.749 0.1
0.749 0.1
0.749 0.1
0.749 0.1
0.75 0.1
0.75 0.1
0.75 0.1
0.75 0.1
0.751 0.1
0.751 0.1
0.751 0.1
0.751 0.1
0.752 0.1
0.752 0.1
0.752 0.1
0.752 0.1
0.753 0.1
0.753 0.1
0.753 0.1
0.753 0.1
0.754 0.1
0.754 0.1
0.754 0.1
0.754 0.1
0.755 0.1
0.755 0.1
0.755 0.1
0.755 0.1
0.755 0.1
0.756 0.1
0.756 0.1
0.756 0.1
0.756 0.1
0.756 0.101
0.757 0.101
0.757 0.1
0.757 0.101
0.757 0.1
0.757 0.1
0.758 0.1
0.758 0.1
0.758 0.1
0.758 0.1
0.758 0.1
0.758 0.1
0.758 0.1
0.758 0.1
0.759 0.1
0.759 0.1
0.759 0.1
0.759 0.1
0.759 0.1
0.76 0.1
0.76 0.1
0.76 0.1
0.761 0.1
0.761 0.1
0.761 0.1
0.761 0.1
0.761 0.1
0.762 0.1
0.762 0.1
0.762 0.1
0.762 0.1
0.762 0.1
0.763 0.1
0.763 0.1
0.763 0.1
0.763 0.1
0.763 0.1
0.763 0.1
0.763 0.1
0.763 0.1
0.763 0.1
0.763 0.1
0.764 0.1
0.764 0.1
0.764 0.1
0.764 0.1
0.764 0.1
0.764 0.1
0.765 0.1
0.765 0.1
0.765 0.1
0.766 0.1
0.766 0.1
0.766 0.1
0.766 0.1
0.767 0.1
0.767 0.1
0.767 0.1
0.767 0.1
0.767 0.1
0.768 0.1
0.768 0.1
0.768 0.1
0.768 0.1
0.768 0.1
0.768 0.1
0.769 0.1
0.769 0.1
0.769 0.1
0.769 0.1
0.77 0.1
0.77 0.1
0.77 0.1
0.77 0.1
0.77 0.1
0.77 0.1
0.77 0.1
0.77 0.1
0.77 0.1
0.771 0.1
0.771 0.1
0.771 0.1
0.771 0.1
0.771 0.1
0.771 0.1
0.771 0.1
0.772 0.1
0.772 0.1
0.773 0.1
0.773 0.1
0.773 0.1
0.773 0.1
0.773 0.1
0.773 0.1
0.774 0.1
0.774 0.1
0.774 0.1
0.774 0.1
0.774 0.1
0.774 0.1
0.775 0.1
0.775 0.1
0.775 0.1
0.775 0.1
0.775 0.1
0.775 0.1
0.776 0.1
0.776 0.1
0.776 0.1
0.776 0.1
0.776 0.1
0.777 0.1
0.777 0.1
0.777 0.1
0.778 0.1
0.778 0.1
0.778 0.1
0.778 0.1
0.778 0.1
0.779 0.1
0.779 0.1
0.779 0.1
0.779 0.1
0.779 0.1
0.78 0.1
0.78 0.1
0.78 0.1
0.78 0.1
0.781 0.1
0.781 0.1
0.781 0.1
0.782 0.1
0.782 0.1
0.783 0.1
0.783 0.1
0.783 0.1
0.783 0.1
0.783 0.1
0.783 0.1
0.784 0.1
0.784 0.1
0.784 0.1
0.785 0.1
0.785 0.1
0.785 0.1
0.785 0.1
0.785 0.1
0.786 0.1
0.786 0.1
0.786 0.1
0.786 0.1
0.787 0.1
0.787 0.1
0.787 0.1
0.787 0.1
0.787 0.1
0.787 0.1
0.787 0.1
0.787 0.1
0.787 0.1
0.788 0.1
0.788 0.1
0.788 0.1
0.788 0.1
0.788 0.1
0.788 0.1
0.789 0.1
0.789 0.1
0.789 0.1
0.789 0.1
0.789 0.1
0.789 0.1
0.79 0.1
0.79 0.1
0.79 0.1
0.791 0.1
0.791 0.1
0.791 0.1
0.792 0.1
0.792 0.1
0.792 0.1
0.792 0.1
0.792 0.1
0.792 0.1
0.793 0.1
0.793 0.1
0.793 0.1
0.793 0.1
0.793 0.1
0.793 0.1
0.793 0.1
0.794 0.1
0.794 0.1
0.795 0.1
0.795 0.1
0.796 0.1
0.796 0.1
0.796 0.1
0.796 0.1
0.796 0.1
0.797 0.1
0.797 0.1
0.797 0.1
0.797 0.1
0.797 0.1
0.797 0.1
0.798 0.1
0.798 0.1
0.798 0.1
0.799 0.1
0.799 0.1
0.799 0.1
0.8 0.1
0.801 0.101
0.801 0.101
0.801 0.101
0.801 0.101
0.801 0.101
0.802 0.101
0.802 0.101
0.802 0.101
0.802 0.101
0.802 0.1
0.802 0.1
0.802 0.1
0.803 0.1
0.803 0.1
0.803 0.1
0.803 0.1
0.803 0.1
0.804 0.1
0.804 0.1
0.804 0.1
0.804 0.1
0.804 0.1
0.804 0.1
0.804 0.1
0.804 0.1
0.805 0.1
0.805 0.1
0.805 0.1
0.805 0.1
0.805 0.1
0.806 0.1
0.806 0.1
0.806 0.1
0.806 0.1
0.806 0.1
0.806 0.1
0.806 0.1
0.806 0.1
0.807 0.1
0.807 0.1
0.807 0.1
0.807 0.1
0.807 0.1
0.808 0.1
0.808 0.1
0.808 0.1
0.808 0.1
0.809 0.1
0.809 0.1
0.809 0.1
0.809 0.1
0.809 0.1
0.809 0.1
0.809 0.1
0.81 0.1
0.81 0.1
0.81 0.1
0.81 0.1
0.81 0.1
0.81 0.1
0.811 0.1
0.811 0.1
0.811 0.1
0.811 0.1
0.812 0.1
0.812 0.1
0.813 0.1
0.813 0.1
0.813 0.1
0.813 0.1
0.813 0.1
0.813 0.1
0.814 0.1
0.814 0.1
0.814 0.1
0.814 0.1
0.815 0.101
0.815 0.1
0.815 0.1
0.815 0.1
0.816 0.1
0.816 0.1
0.816 0.1
0.816 0.1
0.817 0.1
0.817 0.1
0.817 0.1
0.818 0.1
0.818 0.1
0.818 0.1
0.818 0.1
0.818 0.1
0.819 0.1
0.819 0.1
0.819 0.1
0.82 0.1
0.82 0.1
0.82 0.101
0.821 0.1
0.821 0.1
0.821 0.101
0.821 0.101
0.822 0.101
0.822 0.101
0.822 0.101
0.822 0.101
0.822 0.101
0.822 0.101
0.822 0.101
0.822 0.101
0.823 0.101
0.823 0.101
0.823 0.101
0.824 0.101
0.824 0.101
0.824 0.101
0.825 0.101
0.825 0.101
0.825 0.101
0.825 0.101
0.825 0.101
0.826 0.101
0.826 0.101
0.826 0.1
0.827 0.1
0.827 0.1
0.827 0.1
0.827 0.1
0.827 0.101
0.827 0.101
0.828 0.101
0.828 0.101
0.828 0.101
0.828 0.101
0.829 0.101
0.829 0.101
0.829 0.101
0.829 0.101
0.83 0.101
0.83 0.101
0.83 0.101
0.831 0.101
0.831 0.101
0.831 0.101
0.832 0.101
0.832 0.101
0.832 0.101
0.832 0.101
0.832 0.101
0.832 0.101
0.833 0.101
0.833 0.101
0.833 0.101
0.833 0.101
0.833 0.101
0.833 0.101
0.833 0.101
0.833 0.101
0.834 0.101
0.834 0.101
0.834 0.101
0.834 0.101
0.835 0.101
0.835 0.101
0.836 0.101
0.836 0.101
0.836 0.101
0.836 0.101
0.836 0.101
0.836 0.101
0.837 0.101
0.837 0.101
0.837 0.101
0.837 0.101
0.837 0.101
0.837 0.101
0.837 0.101
0.838 0.101
0.838 0.101
0.838 0.101
0.838 0.101
0.838 0.101
0.838 0.101
0.838 0.101
0.838 0.101
0.838 0.101
0.839 0.101
0.839 0.101
0.839 0.101
0.839 0.101
0.839 0.101
0.839 0.101
0.84 0.101
0.84 0.101
0.84 0.101
0.841 0.1
0.841 0.1
0.841 0.1
0.841 0.101
0.841 0.101
0.842 0.101
0.842 0.101
0.842 0.101
0.842 0.101
0.842 0.101
0.843 0.101
0.843 0.101
0.843 0.101
0.844 0.101
0.844 0.101
0.844 0.101
0.844 0.101
0.844 0.101
0.844 0.101
0.844 0.1
0.844 0.101
0.845 0.101
0.845 0.101
0.845 0.101
0.846 0.101
0.846 0.101
0.846 0.101
0.846 0.101
0.846 0.101
0.847 0.101
0.847 0.101
0.847 0.101
0.848 0.101
0.848 0.101
0.848 0.101
0.848 0.101
0.849 0.101
0.849 0.101
0.849 0.101
0.85 0.101
0.85 0.101
0.85 0.101
0.85 0.101
0.85 0.101
0.851 0.101
0.851 0.101
0.851 0.101
0.851 0.101
0.852 0.101
0.852 0.101
0.852 0.101
0.852 0.101
0.853 0.101
0.853 0.101
0.854 0.101
0.854 0.101
0.854 0.101
0.854 0.101
0.854 0.101
0.854 0.101
0.855 0.101
0.855 0.101
0.855 0.101
0.855 0.101
0.855 0.101
0.855 0.101
0.856 0.101
0.856 0.101
0.856 0.101
0.856 0.101
0.856 0.101
0.856 0.101
0.856 0.101
0.857 0.101
0.857 0.101
0.857 0.101
0.857 0.101
0.857 0.101
0.857 0.101
0.858 0.101
0.858 0.101
0.858 0.101
0.858 0.101
0.858 0.101
0.859 0.101
0.859 0.101
0.859 0.101
0.859 0.101
0.859 0.101
0.859 0.101
0.859 0.101
0.86 0.101
0.86 0.101
0.86 0.101
0.861 0.101
0.861 0.101
0.861 0.101
0.861 0.101
0.862 0.101
0.862 0.101
0.862 0.101
0.862 0.101
0.863 0.101
0.863 0.101
0.863 0.101
0.864 0.101
0.864 0.101
0.864 0.101
0.864 0.101
0.864 0.101
0.864 0.101
0.864 0.101
0.864 0.101
0.865 0.101
0.865 0.101
0.865 0.101
0.865 0.101
0.865 0.101
0.865 0.101
0.865 0.101
0.866 0.101
0.866 0.101
0.866 0.101
0.866 0.101
0.866 0.101
0.866 0.101
0.866 0.101
0.866 0.101
0.867 0.101
0.867 0.101
0.867 0.101
0.867 0.101
0.868 0.101
0.868 0.101
0.868 0.101
0.868 0.101
0.868 0.101
0.868 0.101
0.869 0.101
0.869 0.101
0.869 0.101
0.869 0.101
0.869 0.101
0.869 0.101
0.87 0.101
0.87 0.101
0.87 0.101
0.87 0.101
0.871 0.101
0.871 0.101
0.871 0.101
0.871 0.101
0.872 0.101
0.872 0.101
0.872 0.101
0.872 0.101
0.872 0.101
0.872 0.101
0.873 0.101
0.873 0.101
0.873 0.101
0.873 0.101
0.873 0.101
0.874 0.101
0.874 0.101
0.874 0.101
0.874 0.101
0.874 0.101
0.875 0.101
0.875 0.101
0.875 0.101
0.875 0.101
0.875 0.101
0.876 0.101
0.876 0.101
0.876 0.101
0.876 0.101
0.876 0.101
0.876 0.101
0.876 0.101
0.876 0.101
0.876 0.101
0.876 0.101
0.877 0.101
0.877 0.101
0.877 0.101
0.877 0.101
0.878 0.101
0.878 0.101
0.878 0.101
0.878 0.101
0.878 0.1
0.878 0.1
0.879 0.1
0.879 0.1
0.879 0.1
0.88 0.1
0.88 0.1
0.88 0.1
0.88 0.1
0.881 0.1
0.881 0.1
0.881 0.1
0.882 0.101
0.882 0.1
0.882 0.1
0.883 0.1
0.883 0.1
0.883 0.1
0.883 0.1
0.883 0.101
0.883 0.101
0.883 0.101
0.883 0.101
0.884 0.1
0.884 0.1
0.884 0.1
0.884 0.1
0.884 0.1
0.885 0.1
0.885 0.101
0.886 0.101
0.886 0.101
0.886 0.101
0.887 0.101
0.887 0.101
0.887 0.101
0.887 0.101
0.887 0.101
0.888 0.101
0.888 0.101
0.888 0.101
0.888 0.101
0.888 0.101
0.888 0.101
0.888 0.101
0.889 0.101
0.889 0.1
0.889 0.1
0.889 0.1
0.889 0.101
0.89 0.101
0.89 0.101
0.89 0.101
0.89 0.101
0.89 0.101
0.89 0.101
0.89 0.101
0.89 0.101
0.891 0.101
0.891 0.101
0.891 0.101
0.892 0.101
0.892 0.101
0.892 0.101
0.892 0.101
0.892 0.101
0.892 0.101
0.893 0.101
0.894 0.101
0.894 0.101
0.894 0.101
0.894 0.101
0.895 0.101
0.895 0.101
0.895 0.101
0.895 0.101
0.895 0.101
0.896 0.101
0.896 0.101
0.896 0.101
0.896 0.101
0.896 0.101
0.897 0.101
0.897 0.101
0.897 0.101
0.897 0.1
0.897 0.1
0.897 0.1
0.897 0.101
0.898 0.101
0.898 0.101
0.898 0.101
0.898 0.101
0.898 0.101
0.899 0.101
0.899 0.101
0.899 0.101
0.899 0.101
0.899 0.101
0.899 0.101
0.9 0.101
0.9 0.101
0.9 0.101
0.9 0.101
0.9 0.101
0.901 0.101
0.901 0.101
0.901 0.101
0.902 0.101
0.902 0.101
0.902 0.101
0.902 0.101
0.902 0.101
0.902 0.101
0.903 0.101
0.903 0.101
0.903 0.101
0.903 0.101
0.904 0.101
0.904 0.101
0.905 0.101
0.905 0.101
0.905 0.101
0.905 0.101
0.905 0.101
0.906 0.101
0.906 0.101
0.906 0.101
0.907 0.101
0.907 0.101
0.907 0.101
0.907 0.101
0.908 0.101
0.908 0.101
0.908 0.101
0.908 0.101
0.909 0.101
0.909 0.101
0.909 0.101
0.909 0.101
0.91 0.101
0.91 0.101
0.91 0.101
0.91 0.101
0.91 0.101
0.911 0.101
0.911 0.101
0.911 0.101
0.911 0.101
0.912 0.101
0.912 0.101
0.912 0.101
0.912 0.101
0.912 0.101
0.913 0.101
0.913 0.101
0.913 0.101
0.913 0.101
0.914 0.101
0.914 0.101
0.914 0.101
0.914 0.101
0.914 0.101
0.915 0.101
0.915 0.101
0.915 0.101
0.915 0.101
0.915 0.101
0.915 0.101
0.916 0.101
0.916 0.101
0.916 0.101
0.916 0.101
0.916 0.101
0.917 0.101
0.917 0.101
0.917 0.101
0.917 0.101
0.917 0.101
0.917 0.101
0.917 0.101
0.918 0.101
0.918 0.101
0.918 0.101
0.918 0.101
0.918 0.101
0.918 0.101
0.919 0.101
0.919 0.101
0.919 0.101
0.919 0.101
0.919 0.101
0.92 0.101
0.92 0.101
0.92 0.101
0.92 0.101
0.92 0.101
0.92 0.101
0.92 0.101
0.92 0.101
0.92 0.101
0.92 0.101
0.92 0.101
0.921 0.101
0.921 0.101
0.921 0.101
0.921 0.101
0.922 0.101
0.922 0.101
0.922 0.101
0.922 0.101
0.922 0.101
0.922 0.101
0.923 0.101
0.923 0.101
0.923 0.101
0.923 0.101
0.923 0.101
0.923 0.101
0.924 0.101
0.924 0.101
0.924 0.101
0.924 0.101
0.924 0.101
0.924 0.101
0.924 0.101
0.925 0.101
0.925 0.101
0.925 0.101
0.926 0.101
0.926 0.101
0.926 0.101
0.926 0.101
0.926 0.101
0.927 0.101
0.927 0.101
0.927 0.101
0.927 0.101
0.927 0.101
0.927 0.101
0.928 0.101
0.928 0.101
0.928 0.1
0.928 0.1
0.928 0.1
0.929 0.1
0.929 0.101
0.93 0.101
0.93 0.101
0.93 0.101
0.93 0.101
0.931 0.101
0.931 0.101
0.931 0.101
0.931 0.101
0.932 0.101
0.932 0.101
0.932 0.101
0.932 0.101
0.932 0.101
0.932 0.101
0.932 0.101
0.932 0.101
0.933 0.101
0.933 0.101
0.933 0.101
0.933 0.101
0.933 0.101
0.934 0.101
0.934 0.101
0.934 0.101
0.935 0.101
0.935 0.101
0.935 0.101
0.935 0.101
0.935 0.101
0.936 0.101
0.936 0.101
0.936 0.101
0.936 0.101
0.936 0.101
0.937 0.101
0.937 0.101
0.937 0.101
0.937 0.101
0.937 0.101
0.937 0.101
0.938 0.1
0.938 0.1
0.938 0.101
0.939 0.101
0.939 0.101
0.939 0.101
0.939 0.101
0.939 0.101
0.939 0.101
0.94 0.101
0.94 0.101
0.941 0.101
0.941 0.101
0.941 0.101
0.941 0.101
0.942 0.101
0.942 0.101
0.942 0.101
0.942 0.101
0.942 0.101
0.942 0.101
0.942 0.101
0.942 0.101
0.942 0.101
0.942 0.101
0.942 0.101
0.943 0.101
0.943 0.101
0.943 0.101
0.943 0.101
0.943 0.101
0.943 0.101
0.943 0.101
0.943 0.101
0.943 0.101
0.943 0.101
0.944 0.101
0.944 0.101
0.944 0.101
0.945 0.101
0.945 0.101
0.945 0.1
0.945 0.1
0.946 0.101
0.946 0.101
0.946 0.1
0.946 0.1
0.946 0.1
0.946 0.1
0.947 0.1
0.947 0.1
0.947 0.1
0.947 0.101
0.948 0.101
0.948 0.101
0.948 0.101
0.949 0.101
0.949 0.101
0.949 0.101
0.949 0.101
0.95 0.101
0.95 0.101
0.95 0.101
0.95 0.101
0.95 0.101
0.95 0.101
0.95 0.101
0.95 0.101
0.95 0.101
0.95 0.101
0.951 0.101
0.951 0.101
0.951 0.101
0.951 0.101
0.951 0.101
0.951 0.101
0.951 0.1
0.952 0.1
0.952 0.101
0.952 0.101
0.952 0.101
0.953 0.101
0.953 0.101
0.953 0.101
0.953 0.101
0.954 0.101
0.954 0.1
0.954 0.1
0.954 0.1
0.954 0.101
0.955 0.1
0.955 0.1
0.955 0.1
0.955 0.1
0.955 0.1
0.955 0.1
0.955 0.1
0.955 0.1
0.955 0.1
0.955 0.1
0.955 0.1
0.955 0.1
0.956 0.1
0.956 0.1
0.956 0.1
0.956 0.1
0.957 0.1
0.957 0.1
0.957 0.1
0.957 0.1
0.957 0.1
0.957 0.1
0.957 0.1
0.957 0.1
0.957 0.1
0.957 0.1
0.958 0.1
0.958 0.1
0.958 0.1
0.959 0.101
0.959 0.101
0.96 0.101
0.96 0.101
0.96 0.1
0.96 0.1
0.96 0.1
0.96 0.1
0.961 0.101
0.961 0.101
0.961 0.101
0.961 0.101
0.962 0.1
0.962 0.1
0.962 0.1
0.962 0.1
0.963 0.1
0.963 0.1
0.963 0.1
0.963 0.1
0.963 0.1
0.963 0.1
0.964 0.101
0.964 0.101
0.964 0.1
0.964 0.1
0.965 0.1
0.965 0.1
0.965 0.1
0.965 0.1
0.965 0.1
0.965 0.1
0.966 0.101
0.966 0.1
0.966 0.1
0.966 0.1
0.966 0.1
0.966 0.1
0.966 0.1
0.966 0.1
0.967 0.101
0.967 0.101
0.967 0.101
0.967 0.1
0.967 0.1
0.967 0.1
0.968 0.1
0.968 0.101
0.968 0.101
0.969 0.101
0.969 0.101
0.969 0.101
0.969 0.101
0.969 0.1
0.969 0.1
0.969 0.1
0.969 0.101
0.97 0.1
0.97 0.1
0.97 0.1
0.97 0.1
0.97 0.1
0.97 0.1
0.97 0.1
0.971 0.1
0.971 0.1
0.971 0.1
0.971 0.1
0.971 0.1
0.972 0.1
0.972 0.1
0.972 0.1
0.972 0.1
0.972 0.1
0.972 0.1
0.973 0.1
0.973 0.1
0.973 0.1
0.973 0.1
0.973 0.1
0.973 0.1
0.973 0.1
0.974 0.1
0.974 0.1
0.974 0.1
0.975 0.1
0.975 0.1
0.975 0.1
0.976 0.1
0.976 0.1
0.976 0.1
0.976 0.1
0.977 0.1
0.977 0.1
0.977 0.1
0.977 0.1
0.977 0.1
0.978 0.101
0.978 0.101
0.978 0.101
0.979 0.101
0.979 0.101
0.979 0.101
0.979 0.1
0.979 0.1
0.979 0.101
0.98 0.1
0.98 0.1
0.98 0.1
0.98 0.1
0.981 0.1
0.981 0.1
0.981 0.1
0.982 0.1
0.982 0.1
0.982 0.1
0.982 0.1
0.982 0.1
0.982 0.1
0.983 0.1
0.983 0.1
0.983 0.1
0.983 0.1
0.983 0.1
0.984 0.1
0.984 0.1
0.984 0.1
0.984 0.1
0.984 0.1
0.984 0.1
0.984 0.1
0.985 0.1
0.985 0.1
0.985 0.1
0.985 0.1
0.985 0.1
0.986 0.1
0.986 0.1
0.986 0.1
0.986 0.1
0.986 0.1
0.986 0.1
0.986 0.1
0.986 0.1
0.986 0.1
0.986 0.1
0.986 0.1
0.986 0.1
0.987 0.1
0.987 0.1
0.987 0.1
0.987 0.1
0.988 0.1
0.988 0.1
0.988 0.1
0.988 0.1
0.988 0.1
0.989 0.1
0.989 0.1
0.989 0.1
0.989 0.1
0.99 0.1
0.99 0.1
0.99 0.1
0.99 0.1
0.991 0.1
0.991 0.1
0.991 0.1
0.991 0.1
0.991 0.1
0.992 0.1
0.992 0.1
0.992 0.1
0.992 0.1
0.992 0.1
0.992 0.1
0.993 0.1
0.993 0.1
0.993 0.1
0.993 0.1
0.993 0.1
0.994 0.1
0.994 0.1
0.994 0.1
0.994 0.1
0.994 0.1
0.994 0.1
0.994 0.1
0.994 0.1
0.994 0.1
0.994 0.1
0.995 0.1
0.995 0.1
0.995 0.1
0.996 0.1
0.996 0.1
0.996 0.1
0.996 0.1
0.996 0.1
0.996 0.1
0.997 0.101
0.997 0.101
0.997 0.101
0.997 0.1
0.997 0.1
0.998 0.1
0.998 0.1
0.998 0.1
0.998 0.1
0.998 0.1
0.998 0.1
0.998 0.1
0.998 0.1
0.999 0.1
0.999 0.1
0.999 0.1
0.999 0.1
0.999 0.1
0.999 0.1
1.0 0.1
1.0 0.1
1.0 0.1
1.0 0.1
1.0 0.1
1.0 0.1
1.0 0.1
1.0 0.1
1.0 0.1
0.002 1.0
0.05 0.797
0.1 0.558
0.15 0.423
0.2 0.362
0.25 0.288
0.3 0.217
0.35 0.171
0.4 0.133
0.45 0.12
0.5 0.111
0.55 0.105
0.6 0.102
0.65 0.101
0.7 0.1
0.75 0.1
0.8 0.1
0.85 0.101
0.9 0.101
0.95 0.101
1.0 0.1
1.0 0.1
