0
1, 41, 17, 83, 117, 3, 34, 9, 40, 55
2, 5
3, 55, 117, 9, 13, 1, 6, 17, 41, 39, 22
4, 69, 81, 85, 62, 68
5, 2
6, 55, 3, 117
7, 34, 33, 48
8, 119
9, 117, 3, 13, 1, 55
10, 32, 90, 67, 68, 57, 60, 15, 95, 69, 99, 93, 92
11, 48, 50
12, 61, 95, 56, 68, 62, 45, 60, 57
13, 3, 9, 55, 16
14
15, 90, 119, 68, 10, 93, 99
16, 86, 13, 39, 79, 69
17, 1, 41, 3, 39, 55, 51
18, 39, 79, 73, 19, 77, 68
19, 39, 18
20, 62
21, 23, 56
22, 55, 3
23, 21, 56
24
25, 27, 51, 76
26
27, 25
28
29, 86, 80, 39
30
31, 52, 49, 68, 66, 32, 57, 91
32, 60, 57, 10, 99, 68, 85, 62, 56, 90, 49, 92, 67, 81, 31, 69, 91, 104, 61, 35
33, 47, 7, 107
34, 48, 1, 7, 47, 117
35, 77, 113, 79, 104, 56, 39, 69, 85, 81, 108, 62, 110, 60, 32, 53
36
37
38, 51, 55
39, 79, 18, 73, 77, 35, 19, 55, 86, 41, 108, 3, 80, 17, 103, 29, 91, 117, 81, 16, 69
40, 41, 117, 103, 70, 1
41, 40, 1, 83, 117, 17, 103, 3, 39, 55, 70, 86
42, 87
43
44, 58
45, 61, 56, 62, 85, 60, 12, 95
46, 87
47, 117, 70, 72, 33, 58, 34, 107
48, 34, 11, 7
49, 68, 57, 31, 32, 52, 69, 99, 91, 61, 81, 60
50, 11
51, 25, 38, 17
52, 31, 49
53, 108, 113, 35
54
55, 3, 6, 13, 39, 22, 41, 9, 1, 17, 38
56, 60, 89, 95, 61, 35, 32, 62, 85, 68, 81, 45, 12, 57, 21, 23, 104, 69, 67, 91, 77, 99
57, 68, 67, 32, 49, 92, 106, 98, 93, 109, 60, 56, 10, 87, 99, 62, 63, 96, 31, 69, 12, 90
58, 44, 117, 47
59, 108, 110
60, 68, 62, 61, 95, 32, 56, 99, 81, 85, 67, 104, 69, 57, 119, 74, 10, 91, 45, 49, 89, 12, 35, 90
61, 45, 60, 95, 62, 12, 56, 81, 68, 85, 91, 49, 69, 32, 63, 99
62, 60, 95, 85, 61, 69, 32, 68, 81, 104, 119, 56, 99, 45, 74, 77, 57, 12, 35, 79, 4, 20
63, 67, 106, 96, 57, 64, 61
64, 109, 63, 106
65
66, 119, 69, 91, 31, 99
67, 63, 106, 57, 87, 60, 68, 10, 32, 56, 92, 96, 94
68, 60, 49, 57, 99, 119, 32, 91, 69, 62, 67, 95, 56, 106, 31, 90, 10, 61, 12, 15, 93, 81, 18, 4
69, 77, 119, 95, 62, 91, 81, 68, 79, 99, 66, 60, 35, 49, 85, 32, 56, 104, 10, 93, 4, 61, 57, 39, 16
70, 47, 40, 117, 107, 41
71, 119
72, 117, 47
73, 39, 79, 77, 18, 80
74, 62, 60, 99, 85, 81, 104
75
76, 108, 25
77, 79, 35, 69, 39, 73, 62, 85, 91, 18, 81, 56
78
79, 77, 39, 73, 18, 35, 69, 62, 108, 16
80, 85, 29, 81, 39, 73
81, 85, 60, 69, 62, 95, 56, 61, 35, 32, 49, 74, 104, 80, 91, 99, 4, 68, 77, 39
82
83, 1, 41
84
85, 81, 62, 60, 32, 56, 80, 104, 61, 69, 77, 35, 45, 74, 4
86, 97, 39, 16, 29, 41
87, 67, 94, 109, 57, 46, 42, 106
88
89, 56, 95, 60
90, 32, 10, 15, 68, 99, 119, 60, 57
91, 68, 69, 66, 60, 49, 61, 32, 77, 81, 56, 39, 31
92, 57, 32, 67, 10
93, 57, 98, 15, 68, 69, 10
94, 87, 106, 67
95, 60, 62, 61, 69, 56, 104, 68, 81, 12, 99, 10, 89, 45
96, 106, 109, 63, 57, 67
97, 86
98, 57, 93
99, 68, 60, 32, 119, 69, 62, 95, 90, 74, 49, 57, 81, 10, 15, 61, 56, 66
100, 102, 103
101
102, 107, 100
103, 41, 115, 40, 117, 39, 100
104, 95, 35, 62, 60, 85, 56, 32, 81, 69, 74, 113
105
106, 67, 109, 63, 96, 57, 68, 94, 64, 87
107, 102, 117, 33, 70, 47
108, 59, 76, 39, 35, 53, 79
109, 106, 96, 57, 87, 64
110, 59, 35
111
112
113, 35, 104, 53
114
115, 103
116
117, 9, 47, 3, 41, 1, 40, 6, 72, 103, 70, 107, 58, 39, 34
118
119, 69, 68, 66, 62, 71, 99, 60, 15, 90, 8
